{
  "generated_utc": "2026-02-20T12:38:17.993765+00:00",
  "dataset_id": "weihs1998_longdist_longdist1",
  "supported": true,
  "method": {
    "window_sweep": {
      "name": "block_sample_cov",
      "block_definition": "time-equal chunks on t_a/t_b (seconds)",
      "n_chunks": 10,
      "edges_s": [
        7.4999077290167394e-06,
        0.9999977268081723,
        1.9999879537086158,
        2.9999781806090593,
        3.9999684075095026,
        4.999958634409945,
        5.999948861310389,
        6.999939088210832,
        7.999929315111276,
        8.99991954201172,
        9.999909768912163
      ]
    },
    "offset_sweep": {
      "name": "block_sample_cov",
      "n_chunks": 10
    }
  },
  "natural_window": {
    "method": {
      "name": "dt_peak_hist_signal_fraction",
      "signal_fraction": 0.99,
      "sample_max": 200000,
      "hist_half_range_ns": 200.0,
      "hist_bin_width_ns": 0.5,
      "background_exclusion_ns": 50.0,
      "background_median_per_bin": 3.0,
      "background_threshold_ksigma": 3.0,
      "peak_center_ns": -4.408291266875841,
      "selected_dt_count": 11322,
      "near_peak_count": 8157,
      "width_ns": 22.0,
      "drift_window_ns": 10.0,
      "drift_half_ns": 0.2512672084287178,
      "time_tag_schema": {
        "schema": "a_t_s/b_t_s",
        "time_unit": "s"
      }
    },
    "recommended_window_ns": 22.251267208428718
  },
  "window_sweep": {
    "supported": true,
    "param_name": "window_ns",
    "values": [
      0.25,
      0.5,
      0.75,
      1.0,
      1.5,
      2.0,
      3.0,
      4.0,
      6.0,
      8.0,
      10.0,
      12.0,
      15.0,
      20.0,
      25.0,
      30.0,
      40.0,
      50.0
    ],
    "statistic_name": "CHSH |S| (fixed variant)",
    "cov": [
      [
        0.022078435382656754,
        0.009371319499302146,
        0.008748760572498711,
        0.006772160705987013,
        0.0031760745139759257,
        0.0012146024601676902,
        0.0009202076994695253,
        0.0006241920056711188,
        -0.00025779480905440777,
        -0.00023021333270110397,
        -0.0003911833874675682,
        -0.0010315198120291508,
        -0.0008371886154956912,
        -0.0008247272758836667,
        -0.0012949354396166771,
        -0.0005557754617943672,
        -0.001311146127743984,
        -0.001968332493506716
      ],
      [
        0.009371319499302146,
        0.008256800003123002,
        0.0053221356402724926,
        0.0039042096743991637,
        0.002294162453829603,
        0.001278530082984144,
        0.0017524594646888356,
        0.0018446780114194997,
        0.0013757968041571962,
        0.0011148230207031385,
        0.0012784738756732627,
        0.0012502721169761139,
        0.0014943164691853055,
        0.0013336637165165049,
        0.0012047846310597713,
        0.0015246725326093138,
        0.0013359069788755882,
        0.0011095082931139204
      ],
      [
        0.008748760572498711,
        0.0053221356402724926,
        0.007442662152643787,
        0.006809720818801228,
        0.0045256900056207605,
        0.004061564367275524,
        0.0037374322920420426,
        0.0035126678078601153,
        0.00362731707464135,
        0.003732796139099584,
        0.003664345934763895,
        0.0033156224735658825,
        0.0037092521664348643,
        0.0037982677286167873,
        0.003763861463170183,
        0.003995270549971368,
        0.0035367812235360912,
        0.002974637451432417
      ],
      [
        0.006772160705987013,
        0.0039042096743991637,
        0.006809720818801228,
        0.009018494056841778,
        0.005998290366901986,
        0.005705030371453827,
        0.005350825946057301,
        0.005078970595390791,
        0.0051055099248483666,
        0.0053403085596926405,
        0.0053077360514167705,
        0.0051532797754634966,
        0.0054308451275578385,
        0.005683207367389971,
        0.005833571960709597,
        0.006041788788556935,
        0.00566596942049813,
        0.004936036974330235
      ],
      [
        0.0031760745139759257,
        0.002294162453829603,
        0.0045256900056207605,
        0.005998290366901986,
        0.0048076279783704785,
        0.004451103445471679,
        0.004243137765612938,
        0.003945804398832492,
        0.004080379413101499,
        0.004297915766745568,
        0.0043079148925086325,
        0.004296567271841341,
        0.004519117145624693,
        0.004643623012477257,
        0.004784729451672221,
        0.004961330237531518,
        0.004600771579283287,
        0.004095717982930413
      ],
      [
        0.0012146024601676902,
        0.001278530082984144,
        0.004061564367275524,
        0.005705030371453827,
        0.004451103445471679,
        0.004577128016249045,
        0.004287980254198647,
        0.004064414475466987,
        0.004354281534773442,
        0.004555170579792758,
        0.004554560606962592,
        0.004551470543995804,
        0.004816104244413855,
        0.0049259291368096165,
        0.005249318044670085,
        0.005288571744722302,
        0.005046047041316019,
        0.0045602506757983705
      ],
      [
        0.0009202076994695253,
        0.0017524594646888356,
        0.0037374322920420426,
        0.005350825946057301,
        0.004243137765612938,
        0.004287980254198647,
        0.004191978181801868,
        0.004036857345613916,
        0.004252048912887931,
        0.004393727700236127,
        0.0044462005424501004,
        0.004536399498112962,
        0.004790571165256211,
        0.004868400544474585,
        0.005160353268190457,
        0.005193615396151448,
        0.004967665037502963,
        0.0045285834639660315
      ],
      [
        0.0006241920056711188,
        0.0018446780114194997,
        0.0035126678078601153,
        0.005078970595390791,
        0.003945804398832492,
        0.004064414475466987,
        0.004036857345613916,
        0.003969464965869491,
        0.0042039628178066665,
        0.0042595937396116956,
        0.004329959112735087,
        0.004453896655724909,
        0.004708846748177895,
        0.0047828687382987884,
        0.0050833227226957205,
        0.005072078847251689,
        0.004870621881331395,
        0.004461459457157089
      ],
      [
        -0.00025779480905440777,
        0.0013757968041571962,
        0.00362731707464135,
        0.0051055099248483666,
        0.004080379413101499,
        0.004354281534773442,
        0.004252048912887931,
        0.0042039628178066665,
        0.004621983343069429,
        0.004646077740332531,
        0.004696229409747136,
        0.004803145976249119,
        0.005099803771717566,
        0.005203541626805996,
        0.005522523013862494,
        0.005448603581658885,
        0.005213927313543397,
        0.004800633960765289
      ],
      [
        -0.00023021333270110397,
        0.0011148230207031385,
        0.003732796139099584,
        0.0053403085596926405,
        0.004297915766745568,
        0.004555170579792758,
        0.004393727700236127,
        0.0042595937396116956,
        0.004646077740332531,
        0.004792411403918305,
        0.004816368101280589,
        0.004900404526956289,
        0.005212312907399742,
        0.005318984197140147,
        0.005631549470975963,
        0.005581554001417167,
        0.005335599532836399,
        0.004906945517719442
      ],
      [
        -0.0003911833874675682,
        0.0012784738756732627,
        0.003664345934763895,
        0.0053077360514167705,
        0.0043079148925086325,
        0.004554560606962592,
        0.0044462005424501004,
        0.004329959112735087,
        0.004696229409747136,
        0.004816368101280589,
        0.0048668580047033375,
        0.004980832658201473,
        0.005279686337806567,
        0.005371146418721349,
        0.005704764993527697,
        0.0056576447398526755,
        0.005432084652472969,
        0.00500264976427598
      ],
      [
        -0.0010315198120291508,
        0.0012502721169761139,
        0.0033156224735658825,
        0.0051532797754634966,
        0.004296567271841341,
        0.004551470543995804,
        0.004536399498112962,
        0.004453896655724909,
        0.004803145976249119,
        0.004900404526956289,
        0.004980832658201473,
        0.005178451127240852,
        0.0054818161158863505,
        0.005549717224709177,
        0.005922110754146271,
        0.005855431980881522,
        0.005641072312028811,
        0.005232169812918988
      ],
      [
        -0.0008371886154956912,
        0.0014943164691853055,
        0.0037092521664348643,
        0.0054308451275578385,
        0.004519117145624693,
        0.004816104244413855,
        0.004790571165256211,
        0.004708846748177895,
        0.005099803771717566,
        0.005212312907399742,
        0.005279686337806567,
        0.0054818161158863505,
        0.005865272230505038,
        0.005910965470835802,
        0.006318643106168321,
        0.006232391750178973,
        0.005980247056556652,
        0.0055619331581791736
      ],
      [
        -0.0008247272758836667,
        0.0013336637165165049,
        0.0037982677286167873,
        0.005683207367389971,
        0.004643623012477257,
        0.0049259291368096165,
        0.004868400544474585,
        0.0047828687382987884,
        0.005203541626805996,
        0.005318984197140147,
        0.005371146418721349,
        0.005549717224709177,
        0.005910965470835802,
        0.006017623287721044,
        0.006356641288764634,
        0.006267901019234294,
        0.005994233858306101,
        0.005562562593294896
      ],
      [
        -0.0012949354396166771,
        0.0012047846310597713,
        0.003763861463170183,
        0.005833571960709597,
        0.004784729451672221,
        0.005249318044670085,
        0.005160353268190457,
        0.0050833227226957205,
        0.005522523013862494,
        0.005631549470975963,
        0.005704764993527697,
        0.005922110754146271,
        0.006318643106168321,
        0.006356641288764634,
        0.006906688332627044,
        0.006791120921261872,
        0.006575531613821292,
        0.006105593758635711
      ],
      [
        -0.0005557754617943672,
        0.0015246725326093138,
        0.003995270549971368,
        0.006041788788556935,
        0.004961330237531518,
        0.005288571744722302,
        0.005193615396151448,
        0.005072078847251689,
        0.005448603581658885,
        0.005581554001417167,
        0.0056576447398526755,
        0.005855431980881522,
        0.006232391750178973,
        0.006267901019234294,
        0.006791120921261872,
        0.006731387247388004,
        0.006496939912867707,
        0.006002773419894463
      ],
      [
        -0.001311146127743984,
        0.0013359069788755882,
        0.0035367812235360912,
        0.00566596942049813,
        0.004600771579283287,
        0.005046047041316019,
        0.004967665037502963,
        0.004870621881331395,
        0.005213927313543397,
        0.005335599532836399,
        0.005432084652472969,
        0.005641072312028811,
        0.005980247056556652,
        0.005994233858306101,
        0.006575531613821292,
        0.006496939912867707,
        0.006380081210881452,
        0.0059240594887886395
      ],
      [
        -0.001968332493506716,
        0.0011095082931139204,
        0.002974637451432417,
        0.004936036974330235,
        0.004095717982930413,
        0.0045602506757983705,
        0.0045285834639660315,
        0.004461459457157089,
        0.004800633960765289,
        0.004906945517719442,
        0.00500264976427598,
        0.005232169812918988,
        0.0055619331581791736,
        0.005562562593294896,
        0.006105593758635711,
        0.006002773419894463,
        0.0059240594887886395,
        0.005551397394112217
      ]
    ],
    "diag_sigma": [
      0.14858814011440064,
      0.09086693569788189,
      0.08627086502779364,
      0.0949657520206194,
      0.06933706064126513,
      0.06765447521228027,
      0.06474548773313757,
      0.06300369009724344,
      0.06798517002309716,
      0.06922724466507608,
      0.06976286981413062,
      0.07196145584436749,
      0.07658506532284894,
      0.07757334134688955,
      0.08310648790935064,
      0.08204503182635743,
      0.07987541055219342,
      0.074507700233682
    ],
    "eigen_summary": {
      "supported": true,
      "eigenvalues_desc": [
        0.08198473231511559,
        0.032470224367391144,
        0.003956350844810142,
        0.0011164807344026203,
        0.0007561201905595486,
        0.0004969836651125817,
        0.0003485733753241549,
        8.992709315352688e-05,
        3.5351733853631726e-05,
        2.646795169274312e-18,
        1.9317028060328156e-18,
        1.2027277332853136e-18,
        1.0101094528309938e-18,
        4.269374028681258e-19,
        -7.060501318207764e-19,
        -1.1822292243839357e-18,
        -2.936177742536309e-18,
        -3.410678519522791e-18
      ],
      "explained_ratio_positive": [
        0.6761362846054032,
        0.267785186877093,
        0.03262842099091881,
        0.009207728247388806,
        0.00623579881184542,
        0.004098673976847797,
        0.002874719478233702,
        0.0007416377285527755,
        0.00029154928371641055,
        2.182838439950256e-17,
        1.5930946181696004e-17,
        9.919015870537623e-18,
        8.33047365278797e-18,
        3.520995448577111e-18,
        0.0,
        0.0,
        0.0,
        0.0
      ],
      "rank_eps_1e-10": 9,
      "condition_number_abs": 2319.1148885245752
    }
  },
  "offset_sweep": {
    "supported": true,
    "param_name": "delta_offset_ns",
    "values": [
      -20.0,
      -18.0,
      -16.0,
      -14.0,
      -12.0,
      -10.0,
      -8.0,
      -6.0,
      -4.0,
      -2.0,
      0.0,
      2.0,
      4.0,
      6.0,
      8.0,
      10.0,
      12.0,
      14.0,
      16.0,
      18.0,
      20.0
    ],
    "statistic_name": "CHSH |S| (fixed variant; ref window)",
    "cov": [
      [
        null,
        null,
        null,
        null,
        null,
        null,
        null,
        null,
        null,
        null,
        null,
        null,
        null,
        null,
        null,
        null,
        null,
        null,
        null,
        null,
        null
      ],
      [
        null,
        0.4895655044256442,
        null,
        null,
        null,
        null,
        null,
        null,
        0.17005679087127057,
        -0.06945723616846612,
        0.07676049629451238,
        0.2796908636262349,
        -1.163962649626985,
        null,
        null,
        null,
        null,
        null,
        -0.07067932067932059,
        null,
        null
      ],
      [
        null,
        null,
        1.1397283950617285,
        -0.11111111111111123,
        null,
        null,
        null,
        null,
        0.35338828056475124,
        0.08206631377908105,
        0.0022638443781164167,
        0.22691911901293457,
        -0.007934647792103927,
        0.4124803591470258,
        null,
        null,
        -0.09629629629629627,
        null,
        0.0031746031746031954,
        null,
        1.8198353909465022
      ],
      [
        null,
        null,
        -0.11111111111111123,
        0.41327790375409434,
        0.6792929292929296,
        null,
        null,
        null,
        0.08506097355721418,
        0.06153436304292215,
        -0.0018974079589689145,
        0.043909664565130804,
        -0.15335409567435715,
        null,
        0.12517006802721095,
        -0.9074074074074072,
        -0.11662257495590826,
        null,
        0.042408209074875754,
        null,
        0.7774250440917106
      ],
      [
        null,
        null,
        null,
        0.6792929292929296,
        1.2353267523722071,
        null,
        null,
        null,
        0.042047612880946175,
        0.02305058770093555,
        -0.0775598630134798,
        0.029952954534312688,
        0.6742974617974618,
        null,
        null,
        null,
        null,
        null,
        null,
        null,
        null
      ],
      [
        null,
        null,
        null,
        null,
        null,
        0.9754117686230016,
        null,
        null,
        -0.5276525022377209,
        0.027391032046952795,
        0.009084742937550514,
        0.3927310141957191,
        0.4443873284044223,
        null,
        null,
        null,
        -0.2159544159544159,
        null,
        0.9488148535767582,
        null,
        null
      ],
      [
        null,
        null,
        null,
        null,
        null,
        null,
        0.23293020912068532,
        null,
        -0.5568086883876356,
        -0.06750588915151809,
        -0.09302038118598416,
        -0.07505686489388982,
        0.187249373433584,
        null,
        null,
        null,
        null,
        null,
        null,
        null,
        null
      ],
      [
        null,
        null,
        null,
        null,
        null,
        null,
        null,
        0.00359963269054179,
        -0.012975367712209833,
        0.004856345205182419,
        -0.005318401144586127,
        -0.0036331742326133677,
        -0.05601109130520902,
        null,
        null,
        null,
        null,
        null,
        null,
        null,
        null
      ],
      [
        null,
        0.17005679087127057,
        0.35338828056475124,
        0.08506097355721418,
        0.042047612880946175,
        -0.5276525022377209,
        -0.5568086883876356,
        -0.012975367712209833,
        0.4014775658743416,
        0.03147330043241238,
        0.02755605961321783,
        0.010431651979911753,
        -0.11517801275021883,
        0.46892958101514254,
        0.15490153956319372,
        0.9840305892937469,
        0.145191176212848,
        0.06333333333333342,
        -0.3778860951592246,
        null,
        0.44692995610436276
      ],
      [
        null,
        -0.06945723616846612,
        0.08206631377908105,
        0.06153436304292215,
        0.02305058770093555,
        0.027391032046952795,
        -0.06750588915151809,
        0.004856345205182419,
        0.03147330043241238,
        0.014837822773254596,
        0.0037073526455210495,
        0.0005755535136939262,
        0.04336494115719766,
        0.08019037064252027,
        0.034500372293625924,
        -0.059068627450980175,
        -0.0015922230207096844,
        0.00553704128576796,
        -0.041956408834924776,
        null,
        0.09234528130225303
      ],
      [
        null,
        0.07676049629451238,
        0.0022638443781164167,
        -0.0018974079589689145,
        -0.0775598630134798,
        0.009084742937550514,
        -0.09302038118598416,
        -0.005318401144586127,
        0.02755605961321783,
        0.0037073526455210495,
        0.009018494056841778,
        0.010594208205040938,
        -0.00858560266676642,
        0.07716569214254725,
        0.01594175898618328,
        -0.05260571031523456,
        -0.00789861650044067,
        0.004075252520599228,
        -0.030362264525900923,
        null,
        0.014273704620195917
      ],
      [
        null,
        0.2796908636262349,
        0.22691911901293457,
        0.043909664565130804,
        0.029952954534312688,
        0.3927310141957191,
        -0.07505686489388982,
        -0.0036331742326133677,
        0.010431651979911753,
        0.0005755535136939262,
        0.010594208205040938,
        0.08556336537952862,
        -0.0938573732997595,
        0.12432835086090518,
        0.03786339976472689,
        0.11933778407224521,
        -0.020546875472242293,
        -0.019251175425144314,
        0.16254201010459876,
        null,
        0.21675217113765793
      ],
      [
        null,
        -1.163962649626985,
        -0.007934647792103927,
        -0.15335409567435715,
        0.6742974617974618,
        0.4443873284044223,
        0.187249373433584,
        -0.05601109130520902,
        -0.11517801275021883,
        0.04336494115719766,
        -0.00858560266676642,
        -0.0938573732997595,
        0.771360992747076,
        0.27802998436969717,
        null,
        1.2940087145969497,
        0.1742779011064615,
        0.012403167008430192,
        -0.30534033829679375,
        null,
        0.09566218095629868
      ],
      [
        null,
        null,
        0.4124803591470258,
        null,
        null,
        null,
        null,
        null,
        0.46892958101514254,
        0.08019037064252027,
        0.07716569214254725,
        0.12432835086090518,
        0.27802998436969717,
        0.6979369452096724,
        null,
        null,
        0.2707070707070708,
        null,
        -0.13506493506493503,
        null,
        0.015757575757575745
      ],
      [
        null,
        null,
        null,
        0.12517006802721095,
        null,
        null,
        null,
        null,
        0.15490153956319372,
        0.034500372293625924,
        0.01594175898618328,
        0.03786339976472689,
        null,
        null,
        0.026122448979591855,
        null,
        null,
        null,
        null,
        null,
        null
      ],
      [
        null,
        null,
        null,
        -0.9074074074074072,
        null,
        null,
        null,
        null,
        0.9840305892937469,
        -0.059068627450980175,
        -0.05260571031523456,
        0.11933778407224521,
        1.2940087145969497,
        null,
        null,
        2.7222222222222214,
        0.972222222222222,
        null,
        -0.44444444444444464,
        null,
        null
      ],
      [
        null,
        null,
        -0.09629629629629627,
        -0.11662257495590826,
        null,
        -0.2159544159544159,
        null,
        null,
        0.145191176212848,
        -0.0015922230207096844,
        -0.00789861650044067,
        -0.020546875472242293,
        0.1742779011064615,
        0.2707070707070708,
        null,
        0.972222222222222,
        0.1444444444444444,
        null,
        -0.003968253968254031,
        null,
        -0.05864197530864193
      ],
      [
        null,
        null,
        null,
        null,
        null,
        null,
        null,
        null,
        0.06333333333333342,
        0.00553704128576796,
        0.004075252520599228,
        -0.019251175425144314,
        0.012403167008430192,
        null,
        null,
        null,
        null,
        0.0022222222222222287,
        null,
        null,
        null
      ],
      [
        null,
        -0.07067932067932059,
        0.0031746031746031954,
        0.042408209074875754,
        null,
        0.9488148535767582,
        null,
        null,
        -0.3778860951592246,
        -0.041956408834924776,
        -0.030362264525900923,
        0.16254201010459876,
        -0.30534033829679375,
        -0.13506493506493503,
        null,
        -0.44444444444444464,
        -0.003968253968254031,
        null,
        0.9363692584471807,
        null,
        -0.2523809523809524
      ],
      [
        null,
        null,
        null,
        null,
        null,
        null,
        null,
        null,
        null,
        null,
        null,
        null,
        null,
        null,
        null,
        null,
        null,
        null,
        null,
        null,
        null
      ],
      [
        null,
        null,
        1.8198353909465022,
        0.7774250440917106,
        null,
        null,
        null,
        null,
        0.44692995610436276,
        0.09234528130225303,
        0.014273704620195917,
        0.21675217113765793,
        0.09566218095629868,
        0.015757575757575745,
        null,
        null,
        -0.05864197530864193,
        null,
        -0.2523809523809524,
        null,
        1.072716049382716
      ]
    ],
    "diag_sigma": [
      null,
      0.6996895771880872,
      1.067580626960666,
      0.6428669409404207,
      1.1114525416643786,
      0.9876293680440055,
      0.4826284379527229,
      0.05999693900976774,
      0.6336225736780071,
      0.12181060205603861,
      0.0949657520206194,
      0.29251216278905157,
      0.8782715939543281,
      0.8354262057235651,
      0.16162440712835377,
      1.6499158227686106,
      0.38005847503304596,
      0.04714045207910324,
      0.9676617479507913,
      null,
      1.0357200632326844
    ],
    "eigen_summary": {
      "supported": true,
      "eigenvalues_desc": [
        4.233193738923398,
        3.27889612470213,
        2.341902517616425,
        1.8957377937162305,
        1.265422737238448,
        0.8736663203238497,
        0.5343689653299037,
        0.31228724573356537,
        0.21246612578895874,
        0.016428706357993872,
        0.01220051702051878,
        0.0034088128056735173,
        0.0,
        0.0,
        -0.01321445285259668,
        -0.026383228114968887,
        -0.1855001432978859,
        -0.32151889848161763,
        -0.8169090305947697,
        -1.0590059458674501,
        -1.183315908560814
      ],
      "explained_ratio_positive": [
        0.28259008692862425,
        0.21888521954233928,
        0.15633549439197192,
        0.12655142687997867,
        0.08447426302029251,
        0.0583222636698215,
        0.03567220913516263,
        0.020846974025099253,
        0.014183338788401325,
        0.0010967108628038014,
        0.0008144548485228095,
        0.00022755790698199323,
        0.0,
        0.0,
        0.0,
        0.0,
        0.0,
        0.0,
        0.0,
        0.0,
        0.0
      ],
      "rank_eps_1e-10": 19,
      "condition_number_abs": 1241.8381355168017
    }
  }
}