{
  "generated_utc": "2026-02-20T12:38:22.543282+00:00",
  "phase": {
    "phase": 7,
    "step": "7.16.7",
    "name": "Bell: cross-dataset covariance (sweep profiles)"
  },
  "supported": true,
  "reason": null,
  "method": {
    "profile": "Interpolate each dataset sweep mean onto common u-grid in [0,1], then compute dataset x dataset covariance/correlation.",
    "u_grid_points": 81,
    "bootstrap": {
      "n_boot": 10000,
      "seed": 351864199
    },
    "jackknife": {
      "type": "leave-one-u-grid-point-out",
      "n_delete": 81
    }
  },
  "datasets": [
    {
      "dataset_id": "weihs1998_longdist_longdist1",
      "display_name": "Weihs 1998",
      "source": "bootstrap",
      "sweep_key": "window_sweep",
      "param_name": "window_ns",
      "n_points": 18,
      "param_min": 0.25,
      "param_max": 50.0
    },
    {
      "dataset_id": "delft_hensen2015",
      "display_name": "Delft (Hensen 2015)",
      "source": "bootstrap",
      "sweep_key": "offset_sweep",
      "param_name": "start_offset_ps",
      "n_points": 100,
      "param_min": -3000.0,
      "param_max": 4000.0
    },
    {
      "dataset_id": "delft_hensen2016_srep30289",
      "display_name": "Delft (Hensen 2016)",
      "source": "bootstrap",
      "sweep_key": "offset_sweep",
      "param_name": "start_offset_ps",
      "n_points": 100,
      "param_min": -3000.0,
      "param_max": 4000.0
    },
    {
      "dataset_id": "nist_03_43_afterfixingModeLocking_s3600",
      "display_name": "NIST",
      "source": "bootstrap",
      "sweep_key": "window_sweep",
      "param_name": "window_ns",
      "n_points": 13,
      "param_min": 0.5,
      "param_max": 5000.0
    },
    {
      "dataset_id": "kwiat2013_prl111_130406_05082013_15",
      "display_name": "Kwiat/Christensen 2013",
      "source": "bootstrap",
      "sweep_key": "window_sweep",
      "param_name": "window_ns",
      "n_points": 13,
      "param_min": 312.5,
      "param_max": 7812.5
    }
  ],
  "matrices": {
    "dataset_order": [
      "weihs1998_longdist_longdist1",
      "delft_hensen2015",
      "delft_hensen2016_srep30289",
      "nist_03_43_afterfixingModeLocking_s3600",
      "kwiat2013_prl111_130406_05082013_15"
    ],
    "u_grid": [
      0.0,
      0.0125,
      0.025,
      0.037500000000000006,
      0.05,
      0.0625,
      0.07500000000000001,
      0.08750000000000001,
      0.1,
      0.1125,
      0.125,
      0.1375,
      0.15000000000000002,
      0.1625,
      0.17500000000000002,
      0.1875,
      0.2,
      0.21250000000000002,
      0.225,
      0.23750000000000002,
      0.25,
      0.2625,
      0.275,
      0.28750000000000003,
      0.30000000000000004,
      0.3125,
      0.325,
      0.3375,
      0.35000000000000003,
      0.36250000000000004,
      0.375,
      0.3875,
      0.4,
      0.41250000000000003,
      0.42500000000000004,
      0.4375,
      0.45,
      0.4625,
      0.47500000000000003,
      0.48750000000000004,
      0.5,
      0.5125000000000001,
      0.525,
      0.5375,
      0.55,
      0.5625,
      0.5750000000000001,
      0.5875,
      0.6000000000000001,
      0.6125,
      0.625,
      0.6375000000000001,
      0.65,
      0.6625000000000001,
      0.675,
      0.6875,
      0.7000000000000001,
      0.7125,
      0.7250000000000001,
      0.7375,
      0.75,
      0.7625000000000001,
      0.775,
      0.7875000000000001,
      0.8,
      0.8125,
      0.8250000000000001,
      0.8375,
      0.8500000000000001,
      0.8625,
      0.875,
      0.8875000000000001,
      0.9,
      0.9125000000000001,
      0.925,
      0.9375,
      0.9500000000000001,
      0.9625,
      0.9750000000000001,
      0.9875,
      1.0
    ],
    "profile_cov": [
      [
        0.004943931005223289,
        -0.008417209996648795,
        -0.02368253070823869,
        -6.428819104318388e-05,
        3.434281478513063e-07
      ],
      [
        -0.008417209996648795,
        0.044883510252198715,
        0.07798746269633625,
        0.0001081047666987195,
        -4.1384204945751625e-06
      ],
      [
        -0.02368253070823869,
        0.07798746269633625,
        0.18510337310391967,
        0.0003612916001016563,
        -5.580894962830425e-06
      ],
      [
        -6.428819104318388e-05,
        0.0001081047666987195,
        0.0003612916001016563,
        1.0613344303048627e-06,
        -3.287857690130235e-09
      ],
      [
        3.434281478513063e-07,
        -4.1384204945751625e-06,
        -5.580894962830425e-06,
        -3.287857690130235e-09,
        8.457524020099603e-10
      ]
    ],
    "profile_cov_diag_sigma": [
      0.07031309270131196,
      0.21185728746540375,
      0.4302364153624373,
      0.0010302108669126252,
      2.908182253590652e-05
    ],
    "profile_cov_eigen": {
      "supported": true,
      "eigenvalues_desc": [
        0.2227459297786455,
        0.010567232354517423,
        0.0016186086433497553,
        1.0536435142425021e-07,
        4.006602233066566e-10
      ],
      "explained_ratio_positive": [
        0.94812987091292,
        0.04497998530501526,
        0.00688969358767994,
        4.4848895337379646e-07,
        1.7054315029737557e-09
      ],
      "rank_eps_1e-10": 5,
      "condition_number_abs": 555947201.1978604
    },
    "profile_corr": [
      [
        1.0,
        -0.5650521791960191,
        -0.7828611509748685,
        -0.8875010557695602,
        0.16794924932835276
      ],
      [
        -0.5650521791960191,
        1.0000000000000004,
        0.8556067793200676,
        0.49530796261991267,
        -0.6716910920732956
      ],
      [
        -0.7828611509748685,
        0.8556067793200676,
        1.0000000000000007,
        0.8151256723483381,
        -0.44604128921727487
      ],
      [
        -0.8875010557695602,
        0.49530796261991267,
        0.8151256723483381,
        1.0,
        -0.10974007810157355
      ],
      [
        0.16794924932835276,
        -0.6716910920732956,
        -0.44604128921727487,
        -0.10974007810157355,
        1.0000000000000004
      ]
    ],
    "profile_corr_eigen": {
      "supported": true,
      "eigenvalues_desc": [
        3.412356672147564,
        1.1748158422620414,
        0.24674178913750994,
        0.1329029600440765,
        0.033182736408810434
      ],
      "explained_ratio_positive": [
        0.6824713344295125,
        0.23496316845240814,
        0.04934835782750196,
        0.02658059200881529,
        0.006636547281762084
      ],
      "rank_eps_1e-10": 5,
      "condition_number_abs": 102.83530056434829
    },
    "profile_corr_bootstrap_mean": [
      [
        1.0000000000000002,
        -0.5487288391328524,
        -0.7869275494777771,
        -0.9037953318468382,
        0.15161632038839135
      ],
      [
        -0.5487288391328524,
        1.0,
        0.850602281442635,
        0.4872263441497364,
        -0.6702779696403268
      ],
      [
        -0.7869275494777771,
        0.850602281442635,
        1.0,
        0.8137726966639072,
        -0.4422951606389722
      ],
      [
        -0.9037953318468382,
        0.4872263441497364,
        0.8137726966639072,
        1.0,
        -0.10742458949707524
      ],
      [
        0.15161632038839135,
        -0.6702779696403268,
        -0.4422951606389722,
        -0.10742458949707524,
        1.0
      ]
    ],
    "profile_corr_bootstrap_sigma": [
      [
        3.7133464535673933e-16,
        0.09970808479898424,
        0.028192819834240733,
        0.0469211864878774,
        0.13893677638727575
      ],
      [
        0.09970808479898424,
        3.287512071155179e-16,
        0.03834390803525156,
        0.08577840738420694,
        0.0602269747816019
      ],
      [
        0.028192819834240733,
        0.03834390803525156,
        3.183441775228007e-16,
        0.03073010277544225,
        0.10859547747611446
      ],
      [
        0.0469211864878774,
        0.08577840738420694,
        0.03073010277544225,
        3.500495364948613e-16,
        0.12098912180717272
      ],
      [
        0.13893677638727575,
        0.0602269747816019,
        0.10859547747611446,
        0.12098912180717272,
        3.2283723197330897e-16
      ]
    ],
    "profile_corr_bootstrap_cov_flat": [
      [
        1.1474389748315803e-31,
        1.4981510913362337e-20,
        1.0495946139302255e-19,
        1.0663505929780439e-19,
        1.6091422394210533e-19,
        1.4981510913362337e-20,
        4.8815650075557664e-33,
        1.1493455120092935e-19,
        -1.5580544127457819e-21,
        -2.5963596175203515e-19,
        1.0495946139302255e-19,
        1.1493455120092935e-19,
        3.38627754438275e-33,
        -8.218220928428638e-20,
        -4.18316966232909e-19,
        1.0663505929780439e-19,
        -1.5580544127457819e-21,
        -8.218220928428638e-20,
        4.429157341451482e-33,
        -2.026743379504919e-19,
        1.6091422394210533e-19,
        -2.5963596175203515e-19,
        -4.18316966232909e-19,
        -2.026743379504919e-19,
        4.2528786050675235e-33
      ],
      [
        1.4981510913362337e-20,
        0.009941702174281433,
        0.0017177750596326855,
        -0.0034662263593753756,
        -0.012569295623109412,
        0.009941702174281433,
        1.7336872262620972e-19,
        -0.0027506026788284054,
        -0.00693361400096797,
        0.0027527654275132404,
        0.0017177750596326855,
        -0.0027506026788284054,
        -1.9472903352863522e-19,
        -0.0019849154257667537,
        0.006350836684618811,
        -0.0034662263593753756,
        -0.00693361400096797,
        -0.0019849154257667537,
        -8.336919363780584e-22,
        0.008369069847014363,
        -0.012569295623109412,
        0.0027527654275132404,
        0.006350836684618811,
        0.008369069847014363,
        -1.2137298096815837e-19
      ],
      [
        1.0495946139302255e-19,
        0.0017177750596326855,
        0.0007948350902059569,
        -0.00013036689024131958,
        -0.0018024426200887519,
        0.0017177750596326855,
        2.507792546140753e-20,
        -0.0002575651031499417,
        -0.00121677317982071,
        0.00011963713890958802,
        0.0007948350902059569,
        -0.0002575651031499417,
        -9.142629485718685e-20,
        -0.0006033483729743388,
        0.0004661760340115741,
        -0.00013036689024131958,
        -0.00121677317982071,
        -0.0006033483729743388,
        -3.606686003570363e-20,
        0.0013134508566725624,
        -0.0018024426200887519,
        0.00011963713890958802,
        0.0004661760340115741,
        0.0013134508566725624,
        -7.205172679142254e-20
      ],
      [
        1.0663505929780439e-19,
        -0.0034662263593753756,
        -0.00013036689024131958,
        0.0022015977414301655,
        0.004483012764239452,
        -0.0034662263593753756,
        -1.6825451710404865e-19,
        0.0006934300845728283,
        0.0015626736392748092,
        -0.00092535436315506,
        -0.00013036689024131958,
        0.0006934300845728283,
        6.911115938833997e-20,
        0.00037084364343333785,
        -0.0016302622565254991,
        0.0022015977414301655,
        0.0015626736392748092,
        0.00037084364343333785,
        -6.979831562599734e-20,
        -0.0018486138032828615,
        0.004483012764239452,
        -0.00092535436315506,
        -0.0016302622565254991,
        -0.0018486138032828615,
        -1.2069898079132935e-19
      ],
      [
        1.6091422394210533e-19,
        -0.012569295623109412,
        -0.0018024426200887519,
        0.004483012764239452,
        0.019303427832887944,
        -0.012569295623109412,
        -2.056958433527e-19,
        0.004105002534770773,
        0.009449887324184622,
        -0.00548421994718999,
        -0.0018024426200887519,
        0.004105002534770773,
        -4.6513655816391095e-21,
        0.002388328602820001,
        -0.012243276606718926,
        0.004483012764239452,
        0.009449887324184622,
        0.002388328602820001,
        -1.4089962845525453e-19,
        -0.01483659455346103,
        0.019303427832887944,
        -0.00548421994718999,
        -0.012243276606718926,
        -0.01483659455346103,
        -2.668569752095253e-20
      ],
      [
        1.4981510913362337e-20,
        0.009941702174281433,
        0.0017177750596326855,
        -0.0034662263593753756,
        -0.012569295623109412,
        0.009941702174281433,
        1.7336872262620972e-19,
        -0.0027506026788284054,
        -0.00693361400096797,
        0.0027527654275132404,
        0.0017177750596326855,
        -0.0027506026788284054,
        -1.9472903352863522e-19,
        -0.0019849154257667537,
        0.006350836684618811,
        -0.0034662263593753756,
        -0.00693361400096797,
        -0.0019849154257667537,
        -8.336919363780584e-22,
        0.008369069847014363,
        -0.012569295623109412,
        0.0027527654275132404,
        0.006350836684618811,
        0.008369069847014363,
        -1.2137298096815837e-19
      ],
      [
        4.8815650075557664e-33,
        1.7336872262620972e-19,
        2.507792546140753e-20,
        -1.6825451710404865e-19,
        -2.056958433527e-19,
        1.7336872262620972e-19,
        1.0807735617991017e-31,
        1.7526075607022575e-20,
        -1.141850362555415e-19,
        7.265102915409207e-20,
        2.507792546140753e-20,
        1.7526075607022575e-20,
        3.0743997800111316e-33,
        -1.4566396170343288e-19,
        -1.3267404437827665e-20,
        -1.6825451710404865e-19,
        -1.141850362555415e-19,
        -1.4566396170343288e-19,
        5.0073022880534147e-33,
        7.443853272917359e-20,
        -2.056958433527e-19,
        7.265102915409207e-20,
        -1.3267404437827665e-20,
        7.443853272917359e-20,
        4.33423802186012e-33
      ],
      [
        1.1493455120092935e-19,
        -0.0027506026788284054,
        -0.0002575651031499417,
        0.0006934300845728283,
        0.004105002534770773,
        -0.0027506026788284054,
        1.7526075607022575e-20,
        0.0014702552834158287,
        0.0028625930274384635,
        -0.0015135886635484971,
        -0.0002575651031499417,
        0.0014702552834158287,
        -5.730714052245193e-20,
        0.0005328786459313904,
        -0.00350497137295407,
        0.0006934300845728283,
        0.0028625930274384635,
        0.0005328786459313904,
        8.908932358314305e-21,
        -0.0037682841704935305,
        0.004105002534770773,
        -0.0015135886635484971,
        -0.00350497137295407,
        -0.0037682841704935305,
        1.018080027728522e-19
      ],
      [
        -1.5580544127457819e-21,
        -0.00693361400096797,
        -0.00121677317982071,
        0.0015626736392748092,
        0.009449887324184622,
        -0.00693361400096797,
        -1.141850362555415e-19,
        0.0028625930274384635,
        0.007357935173370925,
        -0.0027442235544576166,
        -0.00121677317982071,
        0.0028625930274384635,
        8.674496024330676e-20,
        0.002146201108334445,
        -0.006635288594620292,
        0.0015626736392748092,
        0.007357935173370925,
        0.002146201108334445,
        2.4830447760846033e-19,
        -0.008760612751463753,
        0.009449887324184622,
        -0.0027442235544576166,
        -0.006635288594620292,
        -0.008760612751463753,
        2.3275779029755023e-19
      ],
      [
        -2.5963596175203515e-19,
        0.0027527654275132404,
        0.00011963713890958802,
        -0.00092535436315506,
        -0.00548421994718999,
        0.0027527654275132404,
        7.265102915409207e-20,
        -0.0015135886635484971,
        -0.0027442235544576166,
        0.0036272884913437047,
        0.00011963713890958802,
        -0.0015135886635484971,
        2.1127586113405928e-19,
        -0.0004828675889887135,
        0.005411087530860695,
        -0.00092535436315506,
        -0.0027442235544576166,
        -0.0004828675889887135,
        3.641284369705516e-20,
        0.004859576426628193,
        -0.00548421994718999,
        0.0036272884913437047,
        0.005411087530860695,
        0.004859576426628193,
        -4.6980673748807455e-20
      ],
      [
        1.0495946139302255e-19,
        0.0017177750596326855,
        0.0007948350902059569,
        -0.00013036689024131958,
        -0.0018024426200887519,
        0.0017177750596326855,
        2.507792546140753e-20,
        -0.0002575651031499417,
        -0.00121677317982071,
        0.00011963713890958802,
        0.0007948350902059569,
        -0.0002575651031499417,
        -9.142629485718685e-20,
        -0.0006033483729743388,
        0.0004661760340115741,
        -0.00013036689024131958,
        -0.00121677317982071,
        -0.0006033483729743388,
        -3.606686003570363e-20,
        0.0013134508566725624,
        -0.0018024426200887519,
        0.00011963713890958802,
        0.0004661760340115741,
        0.0013134508566725624,
        -7.205172679142254e-20
      ],
      [
        1.1493455120092935e-19,
        -0.0027506026788284054,
        -0.0002575651031499417,
        0.0006934300845728283,
        0.004105002534770773,
        -0.0027506026788284054,
        1.7526075607022575e-20,
        0.0014702552834158287,
        0.0028625930274384635,
        -0.0015135886635484971,
        -0.0002575651031499417,
        0.0014702552834158287,
        -5.730714052245193e-20,
        0.0005328786459313904,
        -0.00350497137295407,
        0.0006934300845728283,
        0.0028625930274384635,
        0.0005328786459313904,
        8.908932358314305e-21,
        -0.0037682841704935305,
        0.004105002534770773,
        -0.0015135886635484971,
        -0.00350497137295407,
        -0.0037682841704935305,
        1.018080027728522e-19
      ],
      [
        3.38627754438275e-33,
        -1.9472903352863522e-19,
        -9.142629485718685e-20,
        6.911115938833997e-20,
        -4.6513655816391095e-21,
        -1.9472903352863522e-19,
        3.0743997800111316e-33,
        -5.730714052245193e-20,
        8.674496024330676e-20,
        2.1127586113405928e-19,
        -9.142629485718685e-20,
        -5.730714052245193e-20,
        1.0134301536266847e-31,
        7.734758426390566e-20,
        4.891799149869598e-19,
        6.911115938833997e-20,
        8.674496024330676e-20,
        7.734758426390566e-20,
        4.177682780456185e-33,
        1.440454922667966e-19,
        -4.6513655816391095e-21,
        2.1127586113405928e-19,
        4.891799149869598e-19,
        1.440454922667966e-19,
        5.4683389832114596e-33
      ],
      [
        -8.218220928428638e-20,
        -0.0019849154257667537,
        -0.0006033483729743388,
        0.00037084364343333785,
        0.002388328602820001,
        -0.0019849154257667537,
        -1.4566396170343288e-19,
        0.0005328786459313904,
        0.002146201108334445,
        -0.0004828675889887135,
        -0.0006033483729743388,
        0.0005328786459313904,
        7.734758426390566e-20,
        0.0009443392165892407,
        -0.0011573450907732244,
        0.00037084364343333785,
        0.002146201108334445,
        0.0009443392165892407,
        1.6323140731795592e-19,
        -0.002228154663346027,
        0.002388328602820001,
        -0.0004828675889887135,
        -0.0011573450907732244,
        -0.002228154663346027,
        6.355502033050637e-20
      ],
      [
        -4.18316966232909e-19,
        0.006350836684618811,
        0.0004661760340115741,
        -0.0016302622565254991,
        -0.012243276606718926,
        0.006350836684618811,
        -1.3267404437827665e-20,
        -0.00350497137295407,
        -0.006635288594620292,
        0.005411087530860695,
        0.0004661760340115741,
        -0.00350497137295407,
        4.891799149869598e-19,
        -0.0011573450907732244,
        0.011792977728265255,
        -0.0016302622565254991,
        -0.006635288594620292,
        -0.0011573450907732244,
        1.9045836843244614e-19,
        0.01193734802382613,
        -0.012243276606718926,
        0.005411087530860695,
        0.011792977728265255,
        0.01193734802382613,
        1.9404756251515198e-20
      ],
      [
        1.0663505929780439e-19,
        -0.0034662263593753756,
        -0.00013036689024131958,
        0.0022015977414301655,
        0.004483012764239452,
        -0.0034662263593753756,
        -1.6825451710404865e-19,
        0.0006934300845728283,
        0.0015626736392748092,
        -0.00092535436315506,
        -0.00013036689024131958,
        0.0006934300845728283,
        6.911115938833997e-20,
        0.00037084364343333785,
        -0.0016302622565254991,
        0.0022015977414301655,
        0.0015626736392748092,
        0.00037084364343333785,
        -6.979831562599734e-20,
        -0.0018486138032828615,
        0.004483012764239452,
        -0.00092535436315506,
        -0.0016302622565254991,
        -0.0018486138032828615,
        -1.2069898079132935e-19
      ],
      [
        -1.5580544127457819e-21,
        -0.00693361400096797,
        -0.00121677317982071,
        0.0015626736392748092,
        0.009449887324184622,
        -0.00693361400096797,
        -1.141850362555415e-19,
        0.0028625930274384635,
        0.007357935173370925,
        -0.0027442235544576166,
        -0.00121677317982071,
        0.0028625930274384635,
        8.674496024330676e-20,
        0.002146201108334445,
        -0.006635288594620292,
        0.0015626736392748092,
        0.007357935173370925,
        0.002146201108334445,
        2.4830447760846033e-19,
        -0.008760612751463753,
        0.009449887324184622,
        -0.0027442235544576166,
        -0.006635288594620292,
        -0.008760612751463753,
        2.3275779029755023e-19
      ],
      [
        -8.218220928428638e-20,
        -0.0019849154257667537,
        -0.0006033483729743388,
        0.00037084364343333785,
        0.002388328602820001,
        -0.0019849154257667537,
        -1.4566396170343288e-19,
        0.0005328786459313904,
        0.002146201108334445,
        -0.0004828675889887135,
        -0.0006033483729743388,
        0.0005328786459313904,
        7.734758426390566e-20,
        0.0009443392165892407,
        -0.0011573450907732244,
        0.00037084364343333785,
        0.002146201108334445,
        0.0009443392165892407,
        1.6323140731795592e-19,
        -0.002228154663346027,
        0.002388328602820001,
        -0.0004828675889887135,
        -0.0011573450907732244,
        -0.002228154663346027,
        6.355502033050637e-20
      ],
      [
        4.429157341451482e-33,
        -8.336919363780584e-22,
        -3.606686003570363e-20,
        -6.979831562599734e-20,
        -1.4089962845525453e-19,
        -8.336919363780584e-22,
        5.0073022880534147e-33,
        8.908932358314305e-21,
        2.4830447760846033e-19,
        3.641284369705516e-20,
        -3.606686003570363e-20,
        8.908932358314305e-21,
        4.177682780456185e-33,
        1.6323140731795592e-19,
        1.9045836843244614e-19,
        -6.979831562599734e-20,
        2.4830447760846033e-19,
        1.6323140731795592e-19,
        1.2253467800026724e-31,
        -7.292279192265206e-20,
        -1.4089962845525453e-19,
        3.641284369705516e-20,
        1.9045836843244614e-19,
        -7.292279192265206e-20,
        2.991807644782284e-33
      ],
      [
        -2.026743379504919e-19,
        0.008369069847014363,
        0.0013134508566725624,
        -0.0018486138032828615,
        -0.01483659455346103,
        0.008369069847014363,
        7.443853272917359e-20,
        -0.0037682841704935305,
        -0.008760612751463753,
        0.004859576426628193,
        0.0013134508566725624,
        -0.0037682841704935305,
        1.440454922667966e-19,
        -0.002228154663346027,
        0.01193734802382613,
        -0.0018486138032828615,
        -0.008760612751463753,
        -0.002228154663346027,
        -7.292279192265206e-20,
        0.014638367595670852,
        -0.01483659455346103,
        0.004859576426628193,
        0.01193734802382613,
        0.014638367595670852,
        -2.1948660636606258e-20
      ],
      [
        1.6091422394210533e-19,
        -0.012569295623109412,
        -0.0018024426200887519,
        0.004483012764239452,
        0.019303427832887944,
        -0.012569295623109412,
        -2.056958433527e-19,
        0.004105002534770773,
        0.009449887324184622,
        -0.00548421994718999,
        -0.0018024426200887519,
        0.004105002534770773,
        -4.6513655816391095e-21,
        0.002388328602820001,
        -0.012243276606718926,
        0.004483012764239452,
        0.009449887324184622,
        0.002388328602820001,
        -1.4089962845525453e-19,
        -0.01483659455346103,
        0.019303427832887944,
        -0.00548421994718999,
        -0.012243276606718926,
        -0.01483659455346103,
        -2.668569752095253e-20
      ],
      [
        -2.5963596175203515e-19,
        0.0027527654275132404,
        0.00011963713890958802,
        -0.00092535436315506,
        -0.00548421994718999,
        0.0027527654275132404,
        7.265102915409207e-20,
        -0.0015135886635484971,
        -0.0027442235544576166,
        0.0036272884913437047,
        0.00011963713890958802,
        -0.0015135886635484971,
        2.1127586113405928e-19,
        -0.0004828675889887135,
        0.005411087530860695,
        -0.00092535436315506,
        -0.0027442235544576166,
        -0.0004828675889887135,
        3.641284369705516e-20,
        0.004859576426628193,
        -0.00548421994718999,
        0.0036272884913437047,
        0.005411087530860695,
        0.004859576426628193,
        -4.6980673748807455e-20
      ],
      [
        -4.18316966232909e-19,
        0.006350836684618811,
        0.0004661760340115741,
        -0.0016302622565254991,
        -0.012243276606718926,
        0.006350836684618811,
        -1.3267404437827665e-20,
        -0.00350497137295407,
        -0.006635288594620292,
        0.005411087530860695,
        0.0004661760340115741,
        -0.00350497137295407,
        4.891799149869598e-19,
        -0.0011573450907732244,
        0.011792977728265255,
        -0.0016302622565254991,
        -0.006635288594620292,
        -0.0011573450907732244,
        1.9045836843244614e-19,
        0.01193734802382613,
        -0.012243276606718926,
        0.005411087530860695,
        0.011792977728265255,
        0.01193734802382613,
        1.9404756251515198e-20
      ],
      [
        -2.026743379504919e-19,
        0.008369069847014363,
        0.0013134508566725624,
        -0.0018486138032828615,
        -0.01483659455346103,
        0.008369069847014363,
        7.443853272917359e-20,
        -0.0037682841704935305,
        -0.008760612751463753,
        0.004859576426628193,
        0.0013134508566725624,
        -0.0037682841704935305,
        1.440454922667966e-19,
        -0.002228154663346027,
        0.01193734802382613,
        -0.0018486138032828615,
        -0.008760612751463753,
        -0.002228154663346027,
        -7.292279192265206e-20,
        0.014638367595670852,
        -0.01483659455346103,
        0.004859576426628193,
        0.01193734802382613,
        0.014638367595670852,
        -2.1948660636606258e-20
      ],
      [
        4.2528786050675235e-33,
        -1.2137298096815837e-19,
        -7.205172679142254e-20,
        -1.2069898079132935e-19,
        -2.668569752095253e-20,
        -1.2137298096815837e-19,
        4.33423802186012e-33,
        1.018080027728522e-19,
        2.3275779029755023e-19,
        -4.6980673748807455e-20,
        -7.205172679142254e-20,
        1.018080027728522e-19,
        5.4683389832114596e-33,
        6.355502033050637e-20,
        1.9404756251515198e-20,
        -1.2069898079132935e-19,
        2.3275779029755023e-19,
        6.355502033050637e-20,
        2.991807644782284e-33,
        -2.1948660636606258e-20,
        -2.668569752095253e-20,
        -4.6980673748807455e-20,
        1.9404756251515198e-20,
        -2.1948660636606258e-20,
        1.042238783481881e-31
      ]
    ],
    "profile_corr_bootstrap_cov_flat_eigen": {
      "supported": true,
      "eigenvalues_desc": [
        0.11624044979360423,
        0.01421206331573259,
        0.006882383917810019,
        0.0032774693351553807,
        0.001763090999291976,
        0.0012147694502412669,
        0.0003774156508062021,
        0.00010805204752726758,
        5.001111632739095e-05,
        1.9747028426269818e-05,
        5.16086430522296e-18,
        2.603580615238804e-18,
        8.791883227478468e-19,
        6.243004019776626e-19,
        1.6081942903470966e-19,
        7.566426969754894e-20,
        1.2376239644813608e-31,
        1.0654537685553165e-31,
        9.684994135744707e-32,
        -1.151849007910602e-28,
        -4.0321880223200093e-20,
        -6.616488254564831e-20,
        -2.586763991114845e-19,
        -1.4147787090311837e-18,
        -4.109347539543026e-18
      ],
      "explained_ratio_positive": [
        0.8064108000123901,
        0.09859529422517128,
        0.04774610500052416,
        0.022737237108696642,
        0.012231332774074618,
        0.008427386558973647,
        0.0026182973091056667,
        0.0007496042749675848,
        0.00034694896999016124,
        0.00013699376610612387,
        3.5803171103689444e-17,
        1.806217655350983e-17,
        6.099313620753491e-18,
        4.331044722390295e-18,
        1.1156746610640834e-18,
        5.249161059467178e-19,
        8.585938312214219e-31,
        7.391518420674445e-31,
        6.718903688852485e-31,
        0.0,
        0.0,
        0.0,
        0.0,
        0.0,
        0.0
      ],
      "rank_eps_1e-10": 10,
      "condition_number_abs": 5886.478070744433
    },
    "profile_corr_jackknife_mean": [
      [
        1.0,
        -0.5648431861153901,
        -0.7829473687120234,
        -0.8877681921548182,
        0.16770920990012503
      ],
      [
        -0.5648431861153901,
        1.0,
        0.855545797194172,
        0.4952075333683202,
        -0.6716749752971554
      ],
      [
        -0.7829473687120234,
        0.855545797194172,
        1.0,
        0.815110303844289,
        -0.44599764928751584
      ],
      [
        -0.8877681921548182,
        0.4952075333683202,
        0.815110303844289,
        1.0,
        -0.10971026309139656
      ],
      [
        0.16770920990012503,
        -0.6716749752971554,
        -0.44599764928751584,
        -0.10971026309139656,
        1.0
      ]
    ],
    "profile_corr_jackknife_sigma": [
      [
        3.0656414823007945e-15,
        0.09973061472452437,
        0.027171760529811823,
        0.06164663695106586,
        0.1463707193654539
      ],
      [
        0.09973061472452437,
        2.8898464785295002e-15,
        0.036155554237925255,
        0.08329082975666584,
        0.06113113862971891
      ],
      [
        0.027171760529811823,
        0.036155554237925255,
        3.1207408609570675e-15,
        0.03060816623525406,
        0.11024268246784809
      ],
      [
        0.06164663695106586,
        0.08329082975666584,
        0.03060816623525406,
        2.935819445453628e-15,
        0.12257043056592577
      ],
      [
        0.1463707193654539,
        0.06113113862971891,
        0.11024268246784809,
        0.12257043056592577,
        3.431041340658457e-15
      ]
    ]
  },
  "outputs": {
    "cross_dataset_covariance_json": "output/public/quantum/bell/cross_dataset_covariance.json",
    "cross_dataset_covariance_png": "output/public/quantum/bell/cross_dataset_covariance.png"
  }
}