{
  "generated_utc": "2026-02-11T02:46:59.762476+00:00",
  "dataset_id": "nist_03_43_afterfixingModeLocking_s3600",
  "supported": true,
  "method": {
    "window_sweep": {
      "name": "parametric_bootstrap_nested_poisson_increments",
      "n_boot": 10000,
      "seed": 270189507,
      "note": "Poisson bootstrap on nested coincidence-count increments; singles P(A1),P(B1) are binomial-bootstrapped from trial-based counts."
    },
    "offset_sweep": {
      "name": "diag_from_bootstrap"
    }
  },
  "natural_window": {
    "method": {
      "name": "trial_match_pairs_total",
      "note": "Recommended window matches the trial-based coincidence total (independent pipeline).",
      "trial_total_coinc": 38158,
      "selected_pairs_total": 40056,
      "abs_delta_pairs": 1898
    },
    "recommended_window_ns": 1000.0
  },
  "window_sweep": {
    "supported": true,
    "param_name": "window_ns",
    "values": [
      0.5,
      1.0,
      2.0,
      5.0,
      10.0,
      20.0,
      50.0,
      100.0,
      200.0,
      500.0,
      1000.0,
      2000.0,
      5000.0
    ],
    "statistic_name": "CH J_prob (A1=0,B1=0)",
    "mean": [
      -0.0014067091362638773,
      -0.0014062982817353705,
      -0.001405514017614914,
      -0.001404207129411682,
      -0.0014003605693556265,
      -0.001391397545550262,
      -0.0013703360176160642,
      -0.0013347097949876082,
      -0.0012626746177863313,
      -0.001050974332037448,
      -0.0006990843043696472,
      1.1823337703917888e-05,
      0.0021000022088797947
    ],
    "cov": [
      [
        2.651327454646148e-11,
        2.651347430351549e-11,
        2.6523766643445567e-11,
        2.6491852153478274e-11,
        2.645862669480753e-11,
        2.6512360730940668e-11,
        2.6542420307573095e-11,
        2.6628675009532695e-11,
        2.6809347487740143e-11,
        2.6974307235482788e-11,
        2.64250543461978e-11,
        2.675350512271206e-11,
        2.583744617761606e-11
      ],
      [
        2.651347430351549e-11,
        2.6537681745492357e-11,
        2.654811527006686e-11,
        2.651658929549788e-11,
        2.6484165976559233e-11,
        2.6536510652859444e-11,
        2.6566752612098762e-11,
        2.6650312961604036e-11,
        2.682884263515257e-11,
        2.699318512080686e-11,
        2.6463954238965263e-11,
        2.6782251303300923e-11,
        2.586042850711225e-11
      ],
      [
        2.6523766643445567e-11,
        2.654811527006686e-11,
        2.6614137030740073e-11,
        2.6581144846643272e-11,
        2.654578070961947e-11,
        2.6600049179230635e-11,
        2.6624794533012416e-11,
        2.67152126862289e-11,
        2.6903739572307055e-11,
        2.706950787075253e-11,
        2.655014546251409e-11,
        2.6864554451722056e-11,
        2.5942165925688304e-11
      ],
      [
        2.6491852153478274e-11,
        2.651658929549788e-11,
        2.6581144846643272e-11,
        2.6730879464684637e-11,
        2.6698917550368747e-11,
        2.6752401389468897e-11,
        2.67852684558182e-11,
        2.6879431479505983e-11,
        2.7066445549029473e-11,
        2.7228262218331845e-11,
        2.6700594824214278e-11,
        2.7010952541977936e-11,
        2.6066051192672274e-11
      ],
      [
        2.645862669480753e-11,
        2.6484165976559233e-11,
        2.654578070961947e-11,
        2.6698917550368747e-11,
        2.696327776705735e-11,
        2.7022994132504182e-11,
        2.7058162685432788e-11,
        2.715591625235227e-11,
        2.732321653711809e-11,
        2.7448257370979853e-11,
        2.697496794783408e-11,
        2.7345540089945647e-11,
        2.6354724055945994e-11
      ],
      [
        2.6512360730940668e-11,
        2.6536510652859444e-11,
        2.6600049179230635e-11,
        2.6752401389468897e-11,
        2.7022994132504182e-11,
        2.7682589030969752e-11,
        2.7705255321267335e-11,
        2.7800294318433367e-11,
        2.7986425290841892e-11,
        2.8089371386130995e-11,
        2.7626204195247752e-11,
        2.7910892881686902e-11,
        2.692621387871387e-11
      ],
      [
        2.6542420307573095e-11,
        2.6566752612098762e-11,
        2.6624794533012416e-11,
        2.67852684558182e-11,
        2.7058162685432788e-11,
        2.7705255321267335e-11,
        2.93757955310723e-11,
        2.945461843041298e-11,
        2.961112336801503e-11,
        2.966322064396746e-11,
        2.92338809812878e-11,
        2.9580464846238414e-11,
        2.861991186079162e-11
      ],
      [
        2.6628675009532695e-11,
        2.6650312961604036e-11,
        2.67152126862289e-11,
        2.6879431479505983e-11,
        2.715591625235227e-11,
        2.7800294318433367e-11,
        2.945461843041298e-11,
        3.242424264522047e-11,
        3.260802672068591e-11,
        3.276798960554044e-11,
        3.235660278502975e-11,
        3.26853596528371e-11,
        3.171288058575978e-11
      ],
      [
        2.6809347487740143e-11,
        2.682884263515257e-11,
        2.6903739572307055e-11,
        2.7066445549029473e-11,
        2.732321653711809e-11,
        2.7986425290841892e-11,
        2.961112336801503e-11,
        3.260802672068591e-11,
        3.828345171450657e-11,
        3.8588282963888316e-11,
        3.827212785268673e-11,
        3.846649287032796e-11,
        3.722410106671738e-11
      ],
      [
        2.6974307235482788e-11,
        2.699318512080686e-11,
        2.706950787075253e-11,
        2.7228262218331845e-11,
        2.7448257370979853e-11,
        2.8089371386130995e-11,
        2.966322064396746e-11,
        3.276798960554044e-11,
        3.8588282963888316e-11,
        5.5474449953393413e-11,
        5.5034149904072195e-11,
        5.5323926648188965e-11,
        5.3748936110132037e-11
      ],
      [
        2.64250543461978e-11,
        2.6463954238965263e-11,
        2.655014546251409e-11,
        2.6700594824214278e-11,
        2.697496794783408e-11,
        2.7626204195247752e-11,
        2.92338809812878e-11,
        3.235660278502975e-11,
        3.827212785268673e-11,
        5.5034149904072195e-11,
        8.28170760379922e-11,
        8.339570947981461e-11,
        8.120980921586909e-11
      ],
      [
        2.675350512271206e-11,
        2.6782251303300923e-11,
        2.6864554451722056e-11,
        2.7010952541977936e-11,
        2.7345540089945647e-11,
        2.7910892881686902e-11,
        2.9580464846238414e-11,
        3.26853596528371e-11,
        3.846649287032796e-11,
        5.5323926648188965e-11,
        8.339570947981461e-11,
        1.3934071054264686e-10,
        1.379651190372303e-10
      ],
      [
        2.583744617761606e-11,
        2.586042850711225e-11,
        2.5942165925688304e-11,
        2.6066051192672274e-11,
        2.6354724055945994e-11,
        2.692621387871387e-11,
        2.861991186079162e-11,
        3.171288058575978e-11,
        3.722410106671738e-11,
        5.3748936110132037e-11,
        8.120980921586909e-11,
        1.379651190372303e-10,
        2.908412583002756e-10
      ]
    ],
    "diag_sigma": [
      5.149104246998839e-06,
      5.151473745006603e-06,
      5.158889127587457e-06,
      5.170191434046194e-06,
      5.192617621879869e-06,
      5.261424619907592e-06,
      5.419944236896935e-06,
      5.69422888943011e-06,
      6.187362258224951e-06,
      7.448117208623493e-06,
      9.100388784991122e-06,
      1.1804266624515344e-05,
      1.7054068672908397e-05
    ],
    "eigen_summary": {
      "supported": true,
      "eigenvalues_desc": [
        5.266986115237483e-10,
        1.9233453601804035e-10,
        6.442070829032813e-11,
        2.4631908696723576e-11,
        1.1068089433053065e-11,
        6.070695550869443e-12,
        2.3682793813745084e-12,
        1.0858999797804571e-12,
        5.571290016611472e-13,
        2.2348627780752038e-13,
        9.364055515943562e-14,
        3.5464485887900986e-14,
        1.0375116079171315e-14
      ],
      "explained_ratio_positive": [
        0.6348835076538256,
        0.23184041536930972,
        0.07765284424537217,
        0.029691349571517745,
        0.013341496044490966,
        0.007317627958206007,
        0.002854728468718367,
        0.0013089459000655626,
        0.0006715643577776066,
        0.0002693907841458934,
        0.0001128745032121533,
        4.274895871191215e-05,
        1.2506184646288724e-05
      ],
      "rank_eps_1e-10": 2,
      "condition_number_abs": 50765.56324811905
    }
  },
  "offset_sweep": {
    "supported": true,
    "param_name": "delta_offset_ns",
    "values": [
      -50.0,
      -45.0,
      -40.0,
      -35.0,
      -30.0,
      -25.0,
      -20.0,
      -15.0,
      -10.0,
      -5.0,
      0.0,
      5.0,
      10.0,
      15.0,
      20.0,
      25.0,
      30.0,
      35.0,
      40.0,
      45.0,
      50.0
    ],
    "statistic_name": "CH J_prob (subset; offset sweep)",
    "mean": [
      -0.0013960660383651549,
      -0.001396066017212377,
      -0.0013958419702892713,
      -0.001396066018794103,
      -0.001396066045361115,
      -0.0013961034200082752,
      -0.0013963648260048945,
      -0.0013964021076281546,
      -0.0013964020716495029,
      -0.0013962527193049673,
      -0.0013963647431404066,
      -0.0013962900923704018,
      -0.001396364797108384,
      -0.001396066064932167,
      -0.0013959913437865843,
      -0.0013961407602585095,
      -0.0013961781254940302,
      -0.0013962901157664968,
      -0.0013962154657442645,
      -0.0013961034324971857,
      -0.0013959166976755762
    ],
    "cov": [
      [
        2.6246589087330244e-11,
        0.0,
        0.0,
        0.0,
        0.0,
        0.0,
        0.0,
        0.0,
        0.0,
        0.0,
        0.0,
        0.0,
        0.0,
        0.0,
        0.0,
        0.0,
        0.0,
        0.0,
        0.0,
        0.0,
        0.0
      ],
      [
        0.0,
        2.748238959898524e-11,
        0.0,
        0.0,
        0.0,
        0.0,
        0.0,
        0.0,
        0.0,
        0.0,
        0.0,
        0.0,
        0.0,
        0.0,
        0.0,
        0.0,
        0.0,
        0.0,
        0.0,
        0.0,
        0.0
      ],
      [
        0.0,
        0.0,
        2.851647817393096e-11,
        0.0,
        0.0,
        0.0,
        0.0,
        0.0,
        0.0,
        0.0,
        0.0,
        0.0,
        0.0,
        0.0,
        0.0,
        0.0,
        0.0,
        0.0,
        0.0,
        0.0,
        0.0
      ],
      [
        0.0,
        0.0,
        0.0,
        2.5388877787704956e-11,
        0.0,
        0.0,
        0.0,
        0.0,
        0.0,
        0.0,
        0.0,
        0.0,
        0.0,
        0.0,
        0.0,
        0.0,
        0.0,
        0.0,
        0.0,
        0.0,
        0.0
      ],
      [
        0.0,
        0.0,
        0.0,
        0.0,
        2.7935264631252098e-11,
        0.0,
        0.0,
        0.0,
        0.0,
        0.0,
        0.0,
        0.0,
        0.0,
        0.0,
        0.0,
        0.0,
        0.0,
        0.0,
        0.0,
        0.0,
        0.0
      ],
      [
        0.0,
        0.0,
        0.0,
        0.0,
        0.0,
        2.8455077527605275e-11,
        0.0,
        0.0,
        0.0,
        0.0,
        0.0,
        0.0,
        0.0,
        0.0,
        0.0,
        0.0,
        0.0,
        0.0,
        0.0,
        0.0,
        0.0
      ],
      [
        0.0,
        0.0,
        0.0,
        0.0,
        0.0,
        0.0,
        2.8328453471446287e-11,
        0.0,
        0.0,
        0.0,
        0.0,
        0.0,
        0.0,
        0.0,
        0.0,
        0.0,
        0.0,
        0.0,
        0.0,
        0.0,
        0.0
      ],
      [
        0.0,
        0.0,
        0.0,
        0.0,
        0.0,
        0.0,
        0.0,
        2.8361243017837116e-11,
        0.0,
        0.0,
        0.0,
        0.0,
        0.0,
        0.0,
        0.0,
        0.0,
        0.0,
        0.0,
        0.0,
        0.0,
        0.0
      ],
      [
        0.0,
        0.0,
        0.0,
        0.0,
        0.0,
        0.0,
        0.0,
        0.0,
        2.7039039619936564e-11,
        0.0,
        0.0,
        0.0,
        0.0,
        0.0,
        0.0,
        0.0,
        0.0,
        0.0,
        0.0,
        0.0,
        0.0
      ],
      [
        0.0,
        0.0,
        0.0,
        0.0,
        0.0,
        0.0,
        0.0,
        0.0,
        0.0,
        2.7648352378280113e-11,
        0.0,
        0.0,
        0.0,
        0.0,
        0.0,
        0.0,
        0.0,
        0.0,
        0.0,
        0.0,
        0.0
      ],
      [
        0.0,
        0.0,
        0.0,
        0.0,
        0.0,
        0.0,
        0.0,
        0.0,
        0.0,
        0.0,
        2.808083656867363e-11,
        0.0,
        0.0,
        0.0,
        0.0,
        0.0,
        0.0,
        0.0,
        0.0,
        0.0,
        0.0
      ],
      [
        0.0,
        0.0,
        0.0,
        0.0,
        0.0,
        0.0,
        0.0,
        0.0,
        0.0,
        0.0,
        0.0,
        2.7640633945855502e-11,
        0.0,
        0.0,
        0.0,
        0.0,
        0.0,
        0.0,
        0.0,
        0.0,
        0.0
      ],
      [
        0.0,
        0.0,
        0.0,
        0.0,
        0.0,
        0.0,
        0.0,
        0.0,
        0.0,
        0.0,
        0.0,
        0.0,
        2.92650302797202e-11,
        0.0,
        0.0,
        0.0,
        0.0,
        0.0,
        0.0,
        0.0,
        0.0
      ],
      [
        0.0,
        0.0,
        0.0,
        0.0,
        0.0,
        0.0,
        0.0,
        0.0,
        0.0,
        0.0,
        0.0,
        0.0,
        0.0,
        2.6677554552012043e-11,
        0.0,
        0.0,
        0.0,
        0.0,
        0.0,
        0.0,
        0.0
      ],
      [
        0.0,
        0.0,
        0.0,
        0.0,
        0.0,
        0.0,
        0.0,
        0.0,
        0.0,
        0.0,
        0.0,
        0.0,
        0.0,
        0.0,
        2.684917188519191e-11,
        0.0,
        0.0,
        0.0,
        0.0,
        0.0,
        0.0
      ],
      [
        0.0,
        0.0,
        0.0,
        0.0,
        0.0,
        0.0,
        0.0,
        0.0,
        0.0,
        0.0,
        0.0,
        0.0,
        0.0,
        0.0,
        0.0,
        2.7103260410619655e-11,
        0.0,
        0.0,
        0.0,
        0.0,
        0.0
      ],
      [
        0.0,
        0.0,
        0.0,
        0.0,
        0.0,
        0.0,
        0.0,
        0.0,
        0.0,
        0.0,
        0.0,
        0.0,
        0.0,
        0.0,
        0.0,
        0.0,
        2.6102301281134333e-11,
        0.0,
        0.0,
        0.0,
        0.0
      ],
      [
        0.0,
        0.0,
        0.0,
        0.0,
        0.0,
        0.0,
        0.0,
        0.0,
        0.0,
        0.0,
        0.0,
        0.0,
        0.0,
        0.0,
        0.0,
        0.0,
        0.0,
        2.7115897290759655e-11,
        0.0,
        0.0,
        0.0
      ],
      [
        0.0,
        0.0,
        0.0,
        0.0,
        0.0,
        0.0,
        0.0,
        0.0,
        0.0,
        0.0,
        0.0,
        0.0,
        0.0,
        0.0,
        0.0,
        0.0,
        0.0,
        0.0,
        2.689790654938709e-11,
        0.0,
        0.0
      ],
      [
        0.0,
        0.0,
        0.0,
        0.0,
        0.0,
        0.0,
        0.0,
        0.0,
        0.0,
        0.0,
        0.0,
        0.0,
        0.0,
        0.0,
        0.0,
        0.0,
        0.0,
        0.0,
        0.0,
        2.692573345765564e-11,
        0.0
      ],
      [
        0.0,
        0.0,
        0.0,
        0.0,
        0.0,
        0.0,
        0.0,
        0.0,
        0.0,
        0.0,
        0.0,
        0.0,
        0.0,
        0.0,
        0.0,
        0.0,
        0.0,
        0.0,
        0.0,
        0.0,
        2.4659834823759852e-11
      ]
    ],
    "diag_sigma": [
      5.123142501173498e-06,
      5.242364886097232e-06,
      5.340082225390444e-06,
      5.038737717693287e-06,
      5.285382165108981e-06,
      5.3343300917364756e-06,
      5.322448071277566e-06,
      5.325527487285848e-06,
      5.199907654943169e-06,
      5.258170059847828e-06,
      5.2991354548335176e-06,
      5.2574360619845395e-06,
      5.409716284586484e-06,
      5.165031902322777e-06,
      5.181618654937076e-06,
      5.206079178289517e-06,
      5.109041131282301e-06,
      5.207292702620015e-06,
      5.186319171569282e-06,
      5.189001200390653e-06,
      4.965866976043544e-06
    ],
    "eigen_summary": {
      "supported": true,
      "eigenvalues_desc": [
        2.92650302797202e-11,
        2.851647817393096e-11,
        2.8455077527605275e-11,
        2.8361243017837116e-11,
        2.8328453471446287e-11,
        2.808083656867363e-11,
        2.7935264631252098e-11,
        2.7648352378280113e-11,
        2.7640633945855502e-11,
        2.748238959898524e-11,
        2.7115897290759655e-11,
        2.7103260410619655e-11,
        2.7039039619936564e-11,
        2.692573345765564e-11,
        2.689790654938709e-11,
        2.684917188519191e-11,
        2.6677554552012043e-11,
        2.6246589087330244e-11,
        2.6102301281134333e-11,
        2.5388877787704956e-11,
        2.4659834823759852e-11
      ],
      "explained_ratio_positive": [
        0.05109832735659674,
        0.04979131485124511,
        0.049684105998362746,
        0.049520265863852386,
        0.04946301354053892,
        0.04903066102164637,
        0.0487764845372484,
        0.04827552020935086,
        0.0482620434084406,
        0.04798574021102649,
        0.047345824797975875,
        0.047323760121056435,
        0.04721162714343576,
        0.04701378844938997,
        0.046965201160928706,
        0.04688010779861687,
        0.0465804546430564,
        0.045827965608081486,
        0.045576031286329796,
        0.04433035524011695,
        0.043057406752703094
      ],
      "rank_eps_1e-10": 0,
      "condition_number_abs": 1.1867488362705179
    }
  }
}