{
  "generated_utc": "2026-02-11T02:46:59.714408+00:00",
  "dataset_id": "delft_hensen2016_srep30289",
  "supported": true,
  "method": {
    "offset_sweep": {
      "name": "gaussian_bootstrap_diag",
      "n_boot": 10000,
      "seed": 705196690,
      "note": "Bootstrap uses Normal(mean=reported, sigma=reported_err) per sweep point; point-to-point covariance is set to 0 by construction."
    }
  },
  "natural_window": {
    "recommended_start_offset_ps": 0
  },
  "window_sweep": {
    "supported": false,
    "reason": "trial log (event-ready); no coincidence-window pairing step"
  },
  "offset_sweep": {
    "supported": true,
    "param_name": "start_offset_ps",
    "values": [
      -3000,
      -2929,
      -2858,
      -2787,
      -2717,
      -2646,
      -2575,
      -2505,
      -2434,
      -2363,
      -2292,
      -2222,
      -2151,
      -2080,
      -2010,
      -1939,
      -1868,
      -1797,
      -1727,
      -1656,
      -1585,
      -1515,
      -1444,
      -1373,
      -1303,
      -1232,
      -1161,
      -1090,
      -1020,
      -949,
      -878,
      -808,
      -737,
      -666,
      -595,
      -525,
      -454,
      -383,
      -313,
      -242,
      -171,
      -101,
      -30,
      40,
      111,
      181,
      252,
      323,
      393,
      464,
      535,
      606,
      676,
      747,
      818,
      888,
      959,
      1030,
      1101,
      1171,
      1242,
      1313,
      1383,
      1454,
      1525,
      1595,
      1666,
      1737,
      1808,
      1878,
      1949,
      2020,
      2090,
      2161,
      2232,
      2303,
      2373,
      2444,
      2515,
      2585,
      2656,
      2727,
      2797,
      2868,
      2939,
      3010,
      3080,
      3151,
      3222,
      3292,
      3363,
      3434,
      3505,
      3575,
      3646,
      3717,
      3787,
      3858,
      3929,
      4000
    ],
    "statistic_name": "CHSH S (combined; event-ready trials)",
    "mean": [
      1.1304342376910324,
      1.1049404725568095,
      1.100325361836174,
      1.129319479511227,
      1.1841916604583642,
      1.2198685352789567,
      1.2464688331103788,
      1.247143366340272,
      1.274407469301589,
      1.2885602024599714,
      1.3200324273827535,
      1.356346503508672,
      1.3800646765606506,
      1.4368914206986538,
      1.4581345128282228,
      1.49561251041736,
      1.5035429657212163,
      1.5275219743366362,
      1.5848058570743322,
      1.629758023377215,
      1.700690128503962,
      1.7437671985089003,
      1.8713100108537066,
      1.9657656214791097,
      2.069836313923492,
      2.106400584150693,
      2.126203704585914,
      2.172386013487262,
      2.233812698305867,
      2.2560540353249205,
      2.289273303960658,
      2.348869258148403,
      2.365432666800103,
      2.3484168279784052,
      2.352905844246087,
      2.332761306236875,
      2.3358894670244412,
      2.3577100119228653,
      2.319547376513518,
      2.317819958734316,
      2.331246681185513,
      2.333109133952207,
      2.3205222517758677,
      2.3442792552872835,
      2.3508927782922093,
      2.349367396653131,
      2.3244151559555664,
      2.3067841244840004,
      2.3673748960855803,
      2.4139607843137254,
      2.41276938128581,
      2.355452696509517,
      2.377118362179753,
      2.372603287147643,
      2.387147420123369,
      2.3842483946241217,
      2.3638449299275335,
      2.314596832452599,
      2.3465878454512437,
      2.310698754324566,
      2.247780326746053,
      2.2226837254905867,
      2.2104160379987503,
      2.2381981498826073,
      2.3289473028429235,
      2.3158124169258842,
      2.3545084004817483,
      2.3493741714627117,
      2.3618745467102653,
      2.3956310840836554,
      2.399498222297388,
      2.3907241142070865,
      2.396337511817388,
      2.394148286108085,
      2.365988453615371,
      2.356631262525866,
      2.341811363239935,
      2.341811363239935,
      2.357608150187336,
      2.3542649416333625,
      2.357894472436956,
      2.348216464110828,
      2.3670086325209967,
      2.497598589467102,
      2.5074027074658867,
      2.466196110628159,
      2.4589565435112593,
      2.46604491094011,
      2.460663041417887,
      2.516098271172231,
      2.490474360992983,
      2.4978415124593356,
      2.542289949108131,
      2.535420795329332,
      2.4757956068321922,
      2.4831184573002756,
      2.404473879257838,
      2.3143911871557483,
      2.35752715598399,
      2.39930613172523
    ],
    "cov": [
      [
        0.016682568291375127,
        -0.0002481390100568189,
        -0.0002655929766582156,
        3.883621399376767e-05,
        -5.13066847590293e-05,
        8.301820497160885e-06,
        5.783096717829213e-05,
        -0.0004385943860719316,
        -0.0002512837294846551,
        0.00011754956547172601,
        -0.00014039116329687192,
        0.00034538966198515613,
        -0.00034294109178988356,
        5.287620885933969e-05,
        -0.00024031993978397865,
        -0.00019453748490668352,
        -0.00016054013409417983,
        0.00039447025242852313,
        0.00017028437693422145,
        0.00017731852384659518,
        0.00022333703720663655,
        -0.0004029017497097482,
        6.0727790343520606e-05,
        -8.04223227315545e-05,
        6.617119823942896e-05,
        -5.7046071516314107e-05,
        -3.521237927165084e-05,
        -0.00014446212062531707,
        -0.00023451709991897352,
        9.737372158015261e-05,
        0.00020967613201449312,
        0.00011052066029405388,
        -5.367401477275478e-05,
        -6.773690700827758e-05,
        -0.0001765419843927371,
        0.00011075821816090441,
        8.731783169806775e-05,
        -2.9119172950746783e-05,
        -9.24613843493677e-06,
        0.00037881448720181887,
        -0.00011023705369491885,
        -3.277731420512176e-05,
        -0.00011659866126557425,
        -0.0001682838732560085,
        0.00032012175050425817,
        -2.875232997414157e-05,
        -0.00010726062934297818,
        -0.00019832803451364718,
        -0.0001925720748734249,
        2.9270543082792525e-05,
        -0.0003942715462001898,
        0.00010085543323582061,
        -0.00018471465980363474,
        5.8119453529329784e-05,
        8.117448194192314e-06,
        -0.0004183625259593411,
        0.0003440647012537581,
        0.0001797060899535921,
        -0.00013238910304575328,
        0.00034967769979327715,
        -8.626312266959463e-05,
        8.292922037358813e-05,
        0.00025012375660539486,
        0.0004329084288395149,
        -0.00045720561344545136,
        -3.9941734528586876e-05,
        0.0008173673077520628,
        -0.00010767489256855692,
        -0.00025218835239475675,
        0.00020880225251999185,
        0.0001005878518811586,
        0.0009705939797473087,
        0.00011287141338463735,
        6.99011460168773e-05,
        -0.0005269971251258108,
        -3.7705396348085136e-05,
        0.0001191738938325334,
        0.0003503414233435307,
        8.24121353672355e-05,
        2.5270992279905704e-05,
        -7.539226575201048e-05,
        -5.9657186161062993e-05,
        0.000276477366897575,
        -0.00013676456851376633,
        3.549313681848617e-05,
        0.0001718462341336736,
        -0.0001358441712601848,
        0.0001695167270651492,
        0.0003205619215625016,
        -0.0007350990546479111,
        0.00015131237053861215,
        5.317442175736699e-05,
        -0.00032942412936925726,
        -7.164273375124672e-05,
        0.0003455443782113296,
        6.45409660339562e-05,
        -4.07998570066769e-05,
        0.00010111739308218505,
        -0.0003151861296261778,
        -9.896407826237401e-05
      ],
      [
        -0.0002481390100568189,
        0.017282306559464937,
        -7.766609972736479e-05,
        -0.00015912360112590546,
        -0.00027102421815029446,
        0.00016100491644212544,
        6.479014862450835e-05,
        0.00016207886177462455,
        -0.00016897972952938136,
        0.0001339820334438553,
        6.189607732965963e-05,
        0.00010537364723064188,
        -0.00014253478071089943,
        9.365603196069646e-05,
        0.0001337011405431487,
        -0.00011615117069295002,
        -6.252915172263609e-05,
        0.00019901851110097022,
        -0.0004045528819653658,
        9.525732830297294e-05,
        -1.128082204065227e-05,
        0.00030845099459839745,
        -0.00045589401166979,
        9.524802418295271e-05,
        -2.7991527417400366e-05,
        -0.00013847288323972005,
        0.000135677993048982,
        0.00016110779397829304,
        -0.0002313180366435319,
        -0.00012430081485600048,
        -0.00028562607680187533,
        -6.702381187250496e-05,
        0.00010036081767646802,
        0.00033440245575205673,
        0.00027206617843817684,
        -9.279421015821549e-05,
        -0.0001313228566812279,
        -0.00038604519285656406,
        -2.1457257366410428e-05,
        -9.65705486997259e-05,
        -9.195240889211867e-06,
        0.00040387470808167004,
        -0.00047140413473933127,
        0.00024198302481813448,
        1.0242994899727584e-05,
        -0.00015485135903277008,
        4.355569539008726e-05,
        -0.00010069320054581625,
        0.00019437487747503312,
        -0.0001037018155162398,
        0.00018113180074321526,
        0.0003244339838912307,
        0.00012528105294760996,
        3.749208458532767e-05,
        -0.00011391389651415402,
        -0.0002556091562710977,
        0.00029488889926136,
        6.856648059864921e-05,
        -0.0002376936823451214,
        -0.00013285867492180165,
        0.00032581729978861933,
        -6.587827409234391e-06,
        -0.00033762902363586463,
        0.00011833858192261391,
        -6.39935451767665e-05,
        -0.00029205331707757277,
        -0.0004621175828000137,
        -0.0002580338196836257,
        -0.0005834978022718556,
        -0.00010054246215358949,
        -0.0006757426460495277,
        0.000352757008380026,
        -0.0005244721785063718,
        -0.0002922419291174433,
        0.00044775732562690566,
        -0.00019424795160982876,
        -0.00015026640329423593,
        9.374924926351155e-05,
        0.00014462289154084783,
        0.00016728355989629182,
        0.000156202614279448,
        0.00013852962523859262,
        -0.00029618413321836235,
        1.5342455171883874e-06,
        -0.0002057647839423266,
        0.0003537115203206908,
        -0.0003968702158269978,
        -9.316999046316109e-05,
        -0.00015840384879163365,
        0.000219327487702777,
        0.00033162272563203987,
        -7.609683063012556e-05,
        0.0001173576314179619,
        -4.7602028158179147e-05,
        0.0005099922687896118,
        -0.00014242789401846062,
        6.911978488813855e-05,
        -0.0001382211159496855,
        -0.0002383040729740955,
        0.0005184299376405434
      ],
      [
        -0.0002655929766582156,
        -7.766609972736479e-05,
        0.0175932172983219,
        0.00021273428797606716,
        -0.0002310461366816672,
        -7.242359728856317e-05,
        0.00018961028300022964,
        5.081921009837276e-05,
        0.0003153007481725221,
        5.9519057852433026e-05,
        0.00014250602225853825,
        0.0002398689950544499,
        3.5514083656289896e-05,
        0.0003942312463559081,
        -3.599311584996847e-05,
        -4.352544987409352e-05,
        -0.00027159898668063044,
        0.00017897402634935446,
        0.00023686103559431455,
        -7.220718839469131e-05,
        -0.00021208236446064352,
        8.745942142571484e-05,
        2.3431919792226867e-05,
        -0.00021639289835213003,
        0.0001522374751253162,
        -0.00013606122507092764,
        0.0001343769237235703,
        0.0006076232273787708,
        -7.265245028013243e-05,
        -3.106867617906784e-05,
        -0.0002776806026929031,
        -0.00020989184081021103,
        -3.203908877229744e-06,
        0.00020249559668639197,
        9.537336491052532e-05,
        -0.00028913331845931,
        4.5538730812804516e-05,
        0.00034901484626486957,
        -0.0005022241984046017,
        0.0002516807393796943,
        9.96936430380009e-05,
        -0.00013137935616241119,
        0.0005489372811890657,
        0.0002903400659901915,
        -3.2214754259521194e-05,
        0.0002228917363315145,
        -0.0002120320764021489,
        -0.00024121213945555144,
        -0.00030157770310052206,
        9.777492823779303e-05,
        2.5867660678154737e-05,
        5.4376142055766526e-05,
        -0.00030205305194049725,
        -0.0003316483273871246,
        7.475277930502618e-05,
        0.00021672688853227007,
        -4.807721340319642e-05,
        -8.293559914410966e-05,
        -0.00032596353808459123,
        -0.00015691035915112514,
        -0.00018967588129605451,
        -0.0003983707391313266,
        0.00024545416234139335,
        -0.00048244794714886666,
        -0.0005414044087217721,
        -0.00036994948231670286,
        -0.00046944495767405086,
        -0.00031102276415725396,
        -3.8269083158320334e-05,
        -0.0002714122311683234,
        -0.0003937795756577915,
        0.0003574076649989374,
        -3.935098805231704e-05,
        0.00024983593384975643,
        0.0004798960427276969,
        -2.3401762376832845e-05,
        -8.880717418952467e-05,
        0.0001141597226209211,
        0.0003459317466876403,
        -0.0001193939271792141,
        0.00040024617278018213,
        0.0003869895222049974,
        5.3799368500445006e-05,
        0.00041788545705308505,
        0.0001934361601880056,
        -0.00031499268994688364,
        -0.0003703828763237654,
        -0.00041908030172592935,
        0.0002501105071790257,
        -0.00031820076571239213,
        -0.0003797404599580937,
        -0.0004359203619628058,
        0.0004087897837878659,
        0.0007597850933239799,
        0.00039036607098775296,
        0.00023520795261126385,
        -0.00015219658518512272,
        -0.00011064548924276872,
        -5.0775222955554376e-05,
        5.078451267569909e-05
      ],
      [
        3.883621399376767e-05,
        -0.00015912360112590546,
        0.00021273428797606716,
        0.018102605834070837,
        -0.0001868391421059993,
        4.236530915309847e-05,
        -0.0002227451210513459,
        0.0003868917002407143,
        -0.0001012799601635443,
        -0.00026721667686518307,
        4.0841950395721226e-05,
        -7.91321920639264e-05,
        -0.00011543078206588748,
        -0.00010613905031752492,
        -0.0003503230044350049,
        0.00017517643464410633,
        0.0001252493017936777,
        0.000151991823019275,
        8.33728740342282e-05,
        0.0003020840980229213,
        -0.00023293886509953286,
        0.00030257568478473035,
        -0.0001471194623113457,
        -0.00024807888679369164,
        6.874764848754717e-05,
        0.0002266514988175261,
        0.00017837374412765032,
        0.00017298113844697768,
        0.00021684092681166232,
        -0.00015224278511239266,
        0.00015246408085137824,
        -0.0001857068000787808,
        0.0002243624513729227,
        0.00020497689054679055,
        -0.0002933470972157536,
        0.0001534570573358727,
        0.00017287947844668426,
        -7.911155581044446e-06,
        -0.00013472071079900365,
        -4.2306014392304315e-05,
        -7.358032856302108e-05,
        0.0001923348071635801,
        0.00045158463196546357,
        -0.00023882452331091164,
        0.0005606197957339593,
        4.6344543225315124e-08,
        -8.291563528355418e-05,
        -0.0002173396332145876,
        -6.586283321539955e-05,
        0.0005839517884068382,
        -7.955328652103106e-05,
        3.583956759052691e-05,
        -0.00014470600059907104,
        -4.793697621481404e-05,
        -0.00014642779239414707,
        -0.00020251099563204148,
        9.005443576869133e-05,
        7.660532367778076e-05,
        -0.0008066341829143787,
        7.716132939357833e-05,
        2.20154294712281e-06,
        -9.277996567550092e-05,
        0.00011172940067102323,
        -0.00019434066297201739,
        0.00011087116185446507,
        -9.59370938517614e-05,
        0.0003411352963059957,
        -0.0003386370465977349,
        0.000594953501523984,
        0.00031397671017607473,
        -0.0002339919829750404,
        0.00026642418446637205,
        0.0001744232201746433,
        -0.0005240942322967406,
        -0.00019439611675967333,
        -3.292811500115323e-05,
        0.00020357628720769512,
        9.626121537871465e-05,
        0.0006244616441603791,
        0.00020372023136461657,
        6.063304015534408e-05,
        -4.18975247500319e-05,
        -0.00024171730799091228,
        0.00042370695034921316,
        -4.688106781683851e-05,
        0.00012513122374587944,
        -0.0002461559190476794,
        -0.00038524080674414725,
        -0.00031249735504642993,
        0.0003204782252750998,
        -5.877560154540302e-05,
        -0.00016333534500334495,
        -0.0005643971771379417,
        -0.00018818819375328034,
        1.2026460006640126e-05,
        -0.00041155200124895003,
        9.633869634665793e-05,
        0.000700203909655336,
        0.00020067590484740516,
        2.0600662116142922e-05
      ],
      [
        -5.13066847590293e-05,
        -0.00027102421815029446,
        -0.0002310461366816672,
        -0.0001868391421059993,
        0.01855328511355552,
        -5.1079232053015966e-05,
        0.00015268346945031565,
        0.00012552278647601494,
        0.00012025854879597303,
        4.245749561862483e-05,
        -1.0406347167832063e-05,
        0.0001335508138366815,
        0.0001718933584602976,
        1.4250796330665494e-05,
        -0.00041500275523053917,
        -0.000175591449880043,
        0.0003018192142247426,
        0.0001863043772316672,
        0.0004381507252304931,
        3.0043304782980704e-05,
        0.0004043960778448102,
        -0.00039167080989998686,
        0.0002064532884378858,
        0.00046436744233721046,
        2.022136549459346e-05,
        2.0360796252184773e-06,
        8.800175304116958e-05,
        1.6081949662028035e-07,
        -0.00021244095745232407,
        0.00018098563011851164,
        -0.00011144145911915123,
        7.490537067818356e-05,
        -0.00025255956310028793,
        -4.8179173270298365e-05,
        -0.0001245112078553365,
        0.0006561287384028554,
        -4.8708874636336876e-05,
        -0.00013241617177052356,
        -1.3784836236083325e-05,
        -0.00020606790990346455,
        0.0004194216968480496,
        0.00022317409459126944,
        0.00038135212619732636,
        -4.032389182997286e-05,
        0.00023554734830428855,
        6.850627704337631e-06,
        -0.0004196232105350861,
        0.00040057104391156824,
        -0.00011613861489458605,
        0.00021016487113921983,
        2.144371927990059e-05,
        -9.426916896497736e-05,
        -0.00015771866672296882,
        -0.00016808931677919598,
        0.0001407935014837514,
        -0.00011552518424106036,
        -0.00016172399159422623,
        4.0970716401522336e-05,
        -0.00042368677234404185,
        -0.0002898709376541427,
        -0.0003605492955752678,
        -0.0001745069618021199,
        -0.0003173579119229553,
        0.00039718214854876166,
        0.00014205940651222985,
        -0.000369424053338983,
        -0.0002749161184356839,
        0.0005711397938679589,
        0.00015278398116152613,
        0.0004144492288728688,
        0.00010012803036570393,
        1.6400090831390114e-05,
        -0.0003015831287719159,
        0.00012669030531220477,
        0.00034121126128745886,
        -0.00033519511186081964,
        -0.0006781570609448264,
        0.00018396596660636907,
        -0.00014966479947967849,
        0.0003644671832957417,
        0.0004201637263231015,
        -0.00040468311197881546,
        0.0004739224021813504,
        0.0001515527349207994,
        -0.0002987346222455162,
        0.0003470721118071878,
        7.571416895447164e-05,
        -0.000560225967448309,
        -0.00023638820930562624,
        -0.00010591800614246705,
        0.0001091627319440893,
        0.0004656883772944807,
        -4.673482036097521e-06,
        0.00018360240308365353,
        -0.00024080005207267384,
        -2.1829702346248347e-05,
        0.00035036787577267473,
        -0.0001304581955445342,
        0.00017399988023665558,
        0.00025895755414711603
      ],
      [
        8.301820497160885e-06,
        0.00016100491644212544,
        -7.242359728856317e-05,
        4.236530915309847e-05,
        -5.1079232053015966e-05,
        0.018404867226177245,
        0.00022627449035984016,
        -0.0001388488353096696,
        0.0002480765236807562,
        0.00036726293865960033,
        0.00023542196061454338,
        -0.00017472634689469363,
        0.00029641392714994713,
        0.00021065779576936742,
        -0.00012231058356599995,
        -0.0002170795661702871,
        -0.00023443292909119473,
        0.0003462753975551794,
        1.9120895711053898e-05,
        -2.950130201845887e-05,
        -0.0004344685729790745,
        0.00021332565563950847,
        -7.566567988989174e-05,
        -5.928441526146452e-05,
        -4.712757796742427e-05,
        7.425830128238316e-05,
        0.00017357398479621883,
        -0.000496743568234605,
        0.0004500080633042959,
        0.0001630073877187628,
        0.0001921991495556265,
        0.00017414262331001955,
        -4.462981359241604e-05,
        -7.83231963516345e-05,
        0.00022927980109235249,
        -4.4233958439463884e-05,
        0.0003648282547305221,
        0.0002672966944684005,
        0.00039023131485360326,
        -3.6072864585445984e-05,
        -0.00012474429516155048,
        -0.0005386701853074264,
        6.752618240086786e-05,
        -0.00020195507247337076,
        -0.0004994994857630019,
        -0.0004322556295616248,
        4.870800212749216e-05,
        -0.0001498192582593748,
        -0.0006995716940683015,
        -0.0002634083626603811,
        -0.00027804449221471557,
        -0.00014344750186462177,
        0.0003538602715591573,
        -0.00016150024937377577,
        -0.0005058340707983056,
        0.00018770123567920084,
        4.836295460347948e-05,
        0.00047244157241613217,
        -1.208084052287698e-05,
        -3.3655798755639595e-05,
        0.0003839463706945806,
        9.383339319002852e-05,
        -1.0273702628133067e-05,
        -0.00029119568264837105,
        -5.625367545977797e-05,
        7.916911759374063e-05,
        0.00037159333185755064,
        0.00019585634625235218,
        -0.00014295622642091196,
        0.00015006476174335719,
        0.00036021525239725587,
        -0.0004865779687208207,
        -5.170191556548241e-05,
        1.2566210155515331e-05,
        -9.847491684850846e-06,
        -0.0001803896533744729,
        -0.00022393257275767198,
        0.0002264459058791411,
        -7.936730591840068e-05,
        -0.00023569114227921112,
        -0.00011653505560512307,
        -0.0002686256800437303,
        4.8743795706165106e-05,
        9.526409461509048e-05,
        0.00043595438531793555,
        0.0005321314798250144,
        1.471967173013894e-05,
        -0.00027525771286879226,
        -0.00027789883441017605,
        0.0005272892164726953,
        0.00015192460240425775,
        -0.0001780898130662487,
        -0.0003936480896529794,
        0.00018306194064044435,
        0.0001570019179723379,
        -0.0005049508209079961,
        0.00011491253998807899,
        -3.832971760277977e-05,
        -0.0003964175589494856,
        -0.00024107287175764784
      ],
      [
        5.783096717829213e-05,
        6.479014862450835e-05,
        0.00018961028300022964,
        -0.0002227451210513459,
        0.00015268346945031565,
        0.00022627449035984016,
        0.0185636880203926,
        -2.0554977801438474e-05,
        -1.2597531797012137e-05,
        -5.948099139249534e-05,
        -4.591542001965685e-05,
        -0.00013243938153586544,
        0.00023447883265354967,
        -0.00029263845950945047,
        0.00014806550692934785,
        -0.0001681654605821661,
        0.0002437632317297983,
        0.0001767264478118533,
        6.223421247876718e-05,
        -0.00016622858064076494,
        -0.0003058220804851837,
        -0.00020884576131635475,
        -0.0001644910006959033,
        -0.00044071266407335447,
        0.00015900426589285406,
        -5.359140029728277e-05,
        -9.835646918146236e-05,
        0.00014326168550261363,
        0.00023558913889577942,
        -1.591090965001221e-05,
        -0.0001119407489031772,
        0.00022607769351809314,
        -3.886435580542006e-05,
        -2.106140960123221e-05,
        0.00037323634549250596,
        0.00012343240659852347,
        -0.0001745125993285005,
        -8.570651422884855e-06,
        0.00015457652228005855,
        -0.00034326123983209253,
        -0.00016325574281003278,
        -6.88605839096775e-05,
        -0.0001598268105596465,
        -0.00018164399885761714,
        -9.637960198814113e-05,
        0.00035298125971805787,
        -0.00033252706456956036,
        -0.00020364119652861907,
        -0.00022731727532089054,
        2.8916497100667042e-05,
        0.0001261935612734519,
        -3.386453823096016e-05,
        -7.851574038369271e-05,
        0.0002221252863753047,
        -0.00023819393229096753,
        0.00039382898591485343,
        -9.251899534184358e-06,
        -0.00011277853614467635,
        0.00011541218571080088,
        -0.00016771987052020037,
        -6.736532431758333e-05,
        -0.00013119417968476436,
        -0.0002936746542164605,
        -0.00041988607705844866,
        5.412838038455981e-06,
        -0.00015236769537267216,
        2.8345230421721868e-05,
        0.0003553160407096195,
        -0.0003653621220360834,
        -0.0006218038291895089,
        -0.00069312785145685,
        -0.0003565734154467343,
        -3.493970169928741e-05,
        0.00022255727156214863,
        -5.123551311438598e-05,
        0.00014615817226562632,
        0.00036774528896814173,
        -4.1237723346119464e-05,
        2.0258511144254115e-05,
        -0.001034854701958749,
        -1.4337514606818845e-05,
        0.00013247157765647073,
        -7.972671076698101e-05,
        -0.000380382187989311,
        -0.0004162527232334187,
        0.00012808953619550533,
        9.08120662338715e-05,
        -0.0001466806563150268,
        -0.00011644848106746845,
        -2.212698086282846e-05,
        -0.0007504588659190554,
        0.0003269870043285092,
        -0.0006220799929684708,
        0.00025182931397695643,
        -0.0005609855279176975,
        -1.2609792135018325e-05,
        0.00010615564004840337,
        0.00024686060265385076,
        -0.0002517306369779918,
        8.147114986263853e-05
      ],
      [
        -0.0004385943860719316,
        0.00016207886177462455,
        5.081921009837276e-05,
        0.0003868917002407143,
        0.00012552278647601494,
        -0.0001388488353096696,
        -2.0554977801438474e-05,
        0.018642761577726118,
        -3.146547634210699e-05,
        2.3653781535555644e-05,
        -0.00022201306126097553,
        0.00010179794212854587,
        3.6681048153727855e-05,
        0.0001218525400579873,
        0.00015617510640421973,
        0.0001368895967913856,
        -0.00019422543009813285,
        -0.00021736885116627953,
        0.00023722490032133261,
        3.1677023907978714e-05,
        -0.0002667355971289259,
        0.0002522742689826751,
        6.995856389446221e-05,
        0.00014089199295916257,
        1.6742028799606817e-05,
        -0.0003742198475256868,
        0.00011113349457427939,
        8.949738428046193e-05,
        7.092667829154986e-05,
        1.5683942780553982e-05,
        -9.119446299877109e-05,
        0.00027929378094203344,
        0.00024799824320465876,
        -1.561857221928701e-05,
        4.150161335239604e-05,
        0.00024926909070255353,
        0.00012412198346136295,
        9.166414881615105e-05,
        0.0003319817875714815,
        8.373179031143485e-05,
        -0.0004418414003030808,
        -0.0004904660324079012,
        0.000244927549189611,
        1.075625711539108e-05,
        -0.0002672639403464705,
        1.3237371308336648e-05,
        -0.0003616207889682859,
        6.607108256433671e-05,
        -0.0001385941429597033,
        -0.00021153637037140007,
        4.803744447733879e-05,
        -0.000672922282385208,
        0.0003591325953759892,
        -0.0003851176637055252,
        0.00031322966168799974,
        1.746529553425442e-05,
        1.0294692006119971e-06,
        0.00019898247454111856,
        -0.00012780887848630172,
        -0.000531517106416633,
        0.0004344577788838135,
        -0.00011398898634640987,
        0.0004737073381107321,
        -0.00018703942612030246,
        -0.00010139969951566269,
        -0.00018980635621852803,
        -0.00017894490376443132,
        -0.0006250217192583245,
        -0.00019544808794612657,
        -0.0004482661443575799,
        -0.00013405849459251467,
        -0.00036415774552277865,
        -0.00024129507737065528,
        -0.0006261619039639089,
        0.0002523201092025328,
        -2.5985542067113075e-05,
        -4.3187437428294357e-05,
        5.8474908949631466e-05,
        0.00010823660132235827,
        -9.3207772109747e-05,
        4.3198833082566e-05,
        -2.4992515808983112e-05,
        0.0005539159598000308,
        -0.00025745744163377626,
        0.00041146287274715197,
        -0.00024982841657793887,
        0.0001540054044861461,
        0.000343562791804972,
        0.0004551873643371573,
        -0.00017479215196863776,
        -0.00033934334119924175,
        0.0004219888395722393,
        -0.00013742221323962564,
        -0.00033906258670222413,
        -0.00043988978479084305,
        -9.118855737996721e-05,
        0.000153856772610371,
        3.9733475751523565e-05,
        0.00018951535547133148,
        -0.00028397168359800583
      ],
      [
        -0.0002512837294846551,
        -0.00016897972952938136,
        0.0003153007481725221,
        -0.0001012799601635443,
        0.00012025854879597303,
        0.0002480765236807562,
        -1.2597531797012137e-05,
        -3.146547634210699e-05,
        0.019539571038961378,
        -0.00034668751256402305,
        -0.0002772909360901418,
        2.4036447840164463e-05,
        0.00021392963209827215,
        -0.00021259860830682187,
        -0.000130664275109354,
        -9.461557330116883e-06,
        -7.2716592418516e-05,
        0.0001865830753224624,
        -0.00010828514578560872,
        0.00015549163602691726,
        -0.00037141488967481237,
        -0.00019804992033807894,
        -9.566038442468547e-05,
        0.000184613194623028,
        0.0002720199337304217,
        0.0001242927458845525,
        9.127513357878922e-06,
        0.00012922982572970452,
        -7.400992862284185e-05,
        -7.823172922550757e-06,
        3.6529287856327115e-05,
        9.153425015301944e-05,
        -2.7504051179857203e-05,
        -0.00047797898820049035,
        0.00033696154769478545,
        0.00017147697592010202,
        -0.00029918104732014274,
        -0.00010836077269418656,
        -5.370165383962968e-05,
        -0.00015222003456915513,
        3.18712626900299e-05,
        -0.00034156093507284666,
        0.0002305356710183192,
        8.47011542655389e-05,
        -0.0003540668469777989,
        0.00014791947970752925,
        -0.00011316363489765705,
        0.00033713659023839893,
        8.833077215424251e-05,
        -0.00010746052451612837,
        3.2171710876893376e-05,
        -0.0001438610394162948,
        -0.00035203109529928527,
        1.0096296045229766e-05,
        4.534052340021676e-05,
        0.000201571880324032,
        0.00017165221548080676,
        0.00016610940910955497,
        0.00026225356362937277,
        0.0001493847298644949,
        -0.00015728237957054282,
        0.00028670031914775746,
        0.00018138672556487862,
        -0.00018273141495907488,
        0.000448406335235358,
        0.00014180906938204054,
        7.285830970928442e-06,
        -0.00020750635372936472,
        0.00015530131027977835,
        -0.0002551334238487429,
        0.00012403490647383835,
        -0.0006076125394948363,
        4.139280998574745e-05,
        -0.000263198471950297,
        0.0006471495485186889,
        6.503310018131116e-05,
        -0.00018457088415485963,
        -0.0004731344684465801,
        -0.00030873939515316316,
        6.627204090719544e-06,
        -0.00024062748945032775,
        0.0005020223721327864,
        0.0003757060548759138,
        -0.00015649937199020846,
        -5.4120464606348406e-05,
        0.0003023400299494807,
        -9.883717860497309e-05,
        -4.19161125057461e-06,
        0.00023612914749302212,
        0.0003465927777592864,
        0.0001513300692395691,
        -0.00032396386548658195,
        0.0002473659735733178,
        -0.0002795214522170635,
        -0.00017314798692336374,
        -7.333191891634347e-05,
        -0.00046393608392231265,
        2.4106375374268103e-05,
        2.9752576594233885e-05,
        -2.0925233153102697e-05
      ],
      [
        0.00011754956547172601,
        0.0001339820334438553,
        5.9519057852433026e-05,
        -0.00026721667686518307,
        4.245749561862483e-05,
        0.00036726293865960033,
        -5.948099139249534e-05,
        2.3653781535555644e-05,
        -0.00034668751256402305,
        0.019751143013064007,
        4.3159790188379164e-05,
        5.4174763423273586e-05,
        0.0004642382624857084,
        0.00010878548785143725,
        -0.0002968357610741453,
        6.751075881485788e-05,
        2.093609885540418e-06,
        -0.00041352131052128124,
        -0.00011247325559003959,
        0.00032512660513381943,
        -0.00024455687778994896,
        -0.00022280635791018498,
        -0.00017295055656926423,
        -0.00024625351172265415,
        0.00014485572670773549,
        -0.0005594034383905393,
        0.00032987071161624516,
        -9.75996822988518e-05,
        0.00025874237918586284,
        -0.0003203314384513581,
        -8.954704245531199e-05,
        -0.0001907268724131939,
        0.000375330095366006,
        -0.00031543871284657937,
        -0.0004296258930791476,
        -0.0005768196292403476,
        -1.929925374741553e-05,
        -0.00010636683717394038,
        0.0002660750666576407,
        0.0002122227826983944,
        -2.0976619223505433e-06,
        -1.562626738661117e-05,
        0.00019853963286793895,
        -0.00013597788062719263,
        0.00046097601882951026,
        1.6512831776266926e-05,
        0.00015745772599638303,
        -0.0004692816073619735,
        0.0002060836364575151,
        -5.2000699219851666e-05,
        4.253971645377419e-05,
        -0.0002718455507028091,
        -0.00033036169410750627,
        0.0006011163241267839,
        -1.837968285285742e-05,
        -4.871615475121253e-05,
        -0.00017179144113939516,
        0.00017806982994029348,
        -6.936624954373449e-06,
        -0.00046806726652727016,
        -5.1268740954118256e-05,
        0.0003155254660231513,
        -0.00023963862680944213,
        0.0005643942271304152,
        -0.0002508026707201685,
        0.00019957670010136043,
        -0.00012748417022745426,
        -0.00032703051032288255,
        -0.0003767224931470539,
        4.9839529684040005e-06,
        -0.000314285088479938,
        -0.0007966084604772141,
        0.00010015060063727753,
        4.128838770390525e-05,
        0.00022553339856933087,
        1.8087325822721964e-05,
        -0.00022909665028848265,
        0.0002358979493992385,
        -0.00022346320053205664,
        0.00022649821791433683,
        -0.0003105076663111234,
        -0.00041232191479743523,
        -0.0002310929120436178,
        -0.0006669116623486169,
        0.00010891559947668318,
        0.00011039189694506483,
        0.00022839829628475372,
        0.00043763830906925723,
        0.00010303522665085258,
        -0.00010561753656531489,
        0.00024908904813638987,
        -0.0008502439940398654,
        0.0003233595777051506,
        0.0003052704988129469,
        -0.00014158545156666593,
        0.0002408670064048369,
        0.0006185252545662337,
        -3.566953691296365e-05,
        0.00040302559325446015,
        0.00010255688496322171
      ],
      [
        -0.00014039116329687192,
        6.189607732965963e-05,
        0.00014250602225853825,
        4.0841950395721226e-05,
        -1.0406347167832063e-05,
        0.00023542196061454338,
        -4.591542001965685e-05,
        -0.00022201306126097553,
        -0.0002772909360901418,
        4.3159790188379164e-05,
        0.02085154921754511,
        3.15745539898541e-05,
        -0.00012361430512405027,
        5.271489431098273e-05,
        -4.613344598609562e-05,
        -0.00035371769142260193,
        -0.0003684890284737748,
        -0.00025972713022913364,
        -0.00044756460748188545,
        -0.00014780653020919472,
        -0.0001597832946762138,
        -0.0005799392523406461,
        0.00015550953209368215,
        -0.00028438666309974934,
        0.0003041445750848673,
        -0.00023324707739200067,
        -0.00020378561874210296,
        -1.733819343821782e-05,
        0.00014223595213238473,
        -4.422385778483572e-06,
        -0.00018756976998081522,
        2.8525098233627364e-05,
        0.0002992387795601775,
        -0.0001297468021826376,
        0.00020428325347536598,
        -0.0002906222227992148,
        0.00029727352301712085,
        2.7705945148353787e-05,
        -0.0005241673982226883,
        0.0001455975348835457,
        -0.0005099162477922837,
        2.202942319311061e-05,
        1.6682101844957083e-05,
        -0.0001631531396714584,
        2.2868448137519384e-05,
        0.0005086923933315297,
        0.00020583394404401884,
        3.613795329572229e-05,
        -0.00015577657678981079,
        -4.836152575587669e-05,
        -0.00047971027279697994,
        0.0001538425377538648,
        -0.00024232453454396056,
        -0.0006037268573379814,
        0.00012001759579472076,
        0.0004104452403496742,
        0.00011348274028026367,
        -0.000192072353467303,
        9.260385643701024e-05,
        0.000468746042010349,
        -0.00030217242373659574,
        0.0002049557601251859,
        -2.667200311538566e-05,
        -0.0003945051901069153,
        -0.0005670833784878816,
        0.00012371171509925876,
        0.0003951713802734929,
        -0.00021964979332460375,
        0.00035532391504725753,
        4.050563206157684e-05,
        0.0005055861511956765,
        -0.0003771709067924468,
        -0.0005633293488987236,
        -7.441781399824542e-05,
        0.0006381843152611613,
        -7.385504360568223e-05,
        -0.0003541328563675734,
        0.0006095055019781971,
        0.0003109483242548785,
        -1.1320833305153035e-05,
        -0.0003640073496148628,
        0.0004168176752310041,
        3.665412329731714e-05,
        0.000151929093997132,
        0.00018264853664098527,
        4.235179752952817e-05,
        -0.0006844687800180969,
        -0.0009918223670259383,
        -0.0003238327064431994,
        0.00034705718574102993,
        0.00028310954708143265,
        4.0352543309718656e-05,
        -6.779893179975529e-05,
        0.0003454579966698662,
        0.00026276824401569413,
        2.464932123852825e-05,
        -0.00047822830509942264,
        -0.0001789741029085938,
        -0.0003064598264628673,
        -0.0005742934190058994
      ],
      [
        0.00034538966198515613,
        0.00010537364723064188,
        0.0002398689950544499,
        -7.91321920639264e-05,
        0.0001335508138366815,
