{
  "generated_utc": "2026-02-20T12:38:22.151179+00:00",
  "dataset_id": "kwiat2013_prl111_130406_05082013_15",
  "supported": true,
  "method": {
    "window_sweep": {
      "name": "parametric_bootstrap_nested_poisson_increments",
      "n_boot": 10000,
      "seed": 2814695995,
      "note": "Poisson bootstrap on nested increments of (click/coinc) counts; valid for rare clicks (binomial≈Poisson)."
    },
    "offset_sweep": {
      "name": "n/a"
    }
  },
  "natural_window": {
    "method": {
      "name": "dataset_recommendation",
      "recommended_window_bins": 18000,
      "timebins_per_second": 6400000000.0,
      "note": "Use the public dataset guidance (data_organization.txt) to avoid p-hacking optics."
    },
    "recommended_window_ns": 2812.5
  },
  "window_sweep": {
    "supported": true,
    "param_name": "window_ns",
    "values": [
      312.5,
      625.0,
      937.5,
      1250.0,
      1562.5,
      1875.0,
      2000.0,
      2343.75,
      2812.5,
      3437.5,
      4687.5,
      6250.0,
      7812.5
    ],
    "statistic_name": "CH J_prob (A1=0,B1=0)",
    "mean": [
      -2.877514281541989e-06,
      -1.2194371132133257e-05,
      -1.6949080928653505e-05,
      -2.0395871304940284e-05,
      -3.07860276467794e-05,
      -0.00012583070389100495,
      -0.00012626839841629233,
      -9.659895892722662e-05,
      -8.12025607476813e-05,
      -8.79723957240956e-05,
      -2.671806359018543e-05,
      -5.039518400520339e-05,
      -7.422877183726421e-05
    ],
    "cov": [
      [
        1.9592546452584016e-12,
        1.9483045161609724e-12,
        2.0046057962098555e-12,
        2.0129677332873355e-12,
        2.000179625911928e-12,
        2.436057956943881e-12,
        2.220264319752674e-12,
        2.358720341136196e-12,
        2.4826356855445603e-12,
        2.317629183179554e-12,
        2.0362111092268173e-12,
        2.139441493035708e-12,
        2.1344334364010556e-12
      ],
      [
        1.9483045161609724e-12,
        8.196334102169123e-12,
        8.255932853788294e-12,
        8.236924762395923e-12,
        8.211989185053957e-12,
        8.0162634069238e-12,
        7.617899326131412e-12,
        8.073239169511525e-12,
        8.675314505677977e-12,
        8.011858051526365e-12,
        7.928322350716947e-12,
        8.185858351000139e-12,
        8.174571682216835e-12
      ],
      [
        2.0046057962098555e-12,
        8.255932853788294e-12,
        1.7171353931432127e-11,
        1.712457376750309e-11,
        1.7066795192694532e-11,
        1.6614628945820644e-11,
        1.572204860035346e-11,
        1.5375592201488732e-11,
        1.6187203779297572e-11,
        1.5937111147378506e-11,
        1.5651572118364888e-11,
        1.5656670284738167e-11,
        1.5751631633692044e-11
      ],
      [
        2.0129677332873355e-12,
        8.236924762395923e-12,
        1.712457376750309e-11,
        1.942765339044958e-11,
        1.9344513404403405e-11,
        1.9225091407581945e-11,
        1.8151838523912003e-11,
        1.8068443313281233e-11,
        1.8143753871206334e-11,
        1.7943684601580955e-11,
        1.8165752194444333e-11,
        1.8054001458609182e-11,
        1.810659348753897e-11
      ],
      [
        2.000179625911928e-12,
        8.211989185053957e-12,
        1.7066795192694532e-11,
        1.9344513404403405e-11,
        2.3681831633211886e-11,
        2.3244775020671918e-11,
        2.164007042919793e-11,
        2.1905886058589428e-11,
        2.2918885887610392e-11,
        2.2781387221946708e-11,
        2.311849661865695e-11,
        2.3091070971094066e-11,
        2.3100212208780147e-11
      ],
      [
        2.436057956943881e-12,
        8.0162634069238e-12,
        1.6614628945820644e-11,
        1.9225091407581945e-11,
        2.3244775020671918e-11,
        2.9484539820075277e-10,
        2.9837408386636466e-10,
        2.9816330067533067e-10,
        3.046485789745264e-10,
        3.0449156899931336e-10,
        3.0341306869665805e-10,
        3.031651513086104e-10,
        3.0357320280999205e-10
      ],
      [
        2.220264319752674e-12,
        7.617899326131412e-12,
        1.572204860035346e-11,
        1.8151838523912003e-11,
        2.164007042919793e-11,
        2.9837408386636466e-10,
        4.695753237077909e-10,
        4.714897770987966e-10,
        4.833083710465579e-10,
        4.825198949980238e-10,
        4.796544590575655e-10,
        4.789314396005423e-10,
        4.789317717377118e-10
      ],
      [
        2.358720341136196e-12,
        8.073239169511525e-12,
        1.5375592201488732e-11,
        1.8068443313281233e-11,
        2.1905886058589428e-11,
        2.9816330067533067e-10,
        4.714897770987966e-10,
        9.264567551555039e-10,
        9.31139055876964e-10,
        9.32842399914578e-10,
        9.28509336016587e-10,
        9.275626137334124e-10,
        9.271038178687693e-10
      ],
      [
        2.4826356855445603e-12,
        8.675314505677977e-12,
        1.6187203779297572e-11,
        1.8143753871206334e-11,
        2.2918885887610392e-11,
        3.046485789745264e-10,
        4.833083710465579e-10,
        9.31139055876964e-10,
        1.5506411774361829e-09,
        1.556384231077919e-09,
        1.5568852251951027e-09,
        1.5563682255487943e-09,
        1.5548616201589042e-09
      ],
      [
        2.317629183179554e-12,
        8.011858051526365e-12,
        1.5937111147378506e-11,
        1.7943684601580955e-11,
        2.2781387221946708e-11,
        3.0449156899931336e-10,
        4.825198949980238e-10,
        9.32842399914578e-10,
        1.556384231077919e-09,
        2.4371917479740453e-09,
        2.4350995337573664e-09,
        2.4343279738205976e-09,
        2.4317308388322636e-09
      ],
      [
        2.0362111092268173e-12,
        7.928322350716947e-12,
        1.5651572118364888e-11,
        1.8165752194444333e-11,
        2.311849661865695e-11,
        3.0341306869665805e-10,
        4.796544590575655e-10,
        9.28509336016587e-10,
        1.5568852251951027e-09,
        2.4350995337573664e-09,
        2.7715403387915483e-09,
        2.770804195916212e-09,
        2.766935511008749e-09
      ],
      [
        2.139441493035708e-12,
        8.185858351000139e-12,
        1.5656670284738167e-11,
        1.8054001458609182e-11,
        2.3091070971094066e-11,
        3.031651513086104e-10,
        4.789314396005423e-10,
        9.275626137334124e-10,
        1.5563682255487943e-09,
        2.4343279738205976e-09,
        2.770804195916212e-09,
        2.7878884463153073e-09,
        2.7837610260116103e-09
      ],
      [
        2.1344334364010556e-12,
        8.174571682216835e-12,
        1.5751631633692044e-11,
        1.810659348753897e-11,
        2.3100212208780147e-11,
        3.0357320280999205e-10,
        4.789317717377118e-10,
        9.271038178687693e-10,
        1.5548616201589042e-09,
        2.4317308388322636e-09,
        2.766935511008749e-09,
        2.7837610260116103e-09,
        2.7915480054001747e-09
      ]
    ],
    "diag_sigma": [
      1.3997337765655303e-06,
      2.8629240475725378e-06,
      4.143833241267333e-06,
      4.4076811806719395e-06,
      4.8663982197526626e-06,
      1.717106281511872e-05,
      2.1669686746877327e-05,
      3.043775213703377e-05,
      3.9378181489705475e-05,
      4.93679222570086e-05,
      5.264542087201458e-05,
      5.2800458769932175e-05,
      5.283510201939781e-05
    ],
    "eigen_summary": {
      "supported": true,
      "eigenvalues_desc": [
        1.2041398750233467e-08,
        1.1422910916525188e-09,
        3.8044617464649215e-10,
        2.0887603013702498e-10,
        1.7542299521836682e-10,
        6.971865932908946e-11,
        5.248031648274798e-11,
        1.4557753240715553e-11,
        5.0927813998563824e-12,
        4.721510260243641e-12,
        2.7906935459627242e-12,
        1.3846416991847152e-12,
        9.422228381555243e-13
      ],
      "explained_ratio_positive": [
        0.8539924240500727,
        0.08101284232550013,
        0.026981761641323918,
        0.014813772967963167,
        0.012441238100993273,
        0.00494454241711877,
        0.0037219756290479103,
        0.0010324557168676465,
        0.00036118700352283817,
        0.00033485594788101994,
        0.00019791979283564478,
        9.820067798225184e-05,
        6.682372889081299e-05
      ],
      "rank_eps_1e-10": 5,
      "condition_number_abs": 12779.778055269237
    }
  },
  "offset_sweep": {
    "supported": false,
    "reason": "no offset sweep for PC-triggered trials"
  }
}